# Frame list with one line of data per frame:
#   FRAME_ID, RIG_ID, RIG_FROM_WORLD[QW, QX, QY, QZ, TX, TY, TZ], NUM_DATA_IDS, DATA_IDS[] as (SENSOR_TYPE, SENSOR_ID, DATA_ID)
# Number of frames: 10
2 1 0.99678598959931586 -0.073473193600193151 -0.02966144691096154 -0.011814369549380265 -0.43106990329535283 -3.4155121747528745 -6.3060076609417521 1 CAMERA 1 2
3 1 0.99844637247712342 -0.054950102672719339 -0.00091070876933004952 -0.0091922855192989577 -1.2417809157515891 0.13283761424136989 1.5749400453352855 1 CAMERA 1 3
4 1 0.99861029565092974 -0.052262944615437922 -0.0041661361294061065 -0.005357737380425851 1.4366990290799631 1.3093439356323739 1.6019382554063117 1 CAMERA 1 4
5 1 0.99858155220939082 -0.052482188738652152 -0.0018597033671400088 -0.0087775256006762947 0.54971946654835102 0.2461218125740188 0.4781641246652244 1 CAMERA 1 5
7 1 0.99841037667290988 -0.056056644373615093 -0.0028429465611918927 -0.0051273802549179192 0.13122485497951802 -0.06605682992081871 1.0692681891404419 1 CAMERA 1 7
8 1 0.99904350604103931 -0.043258600925725352 -0.0032713965970639003 -0.005483105642017966 0.83219017269209006 0.30138564641690713 -0.49206660750062731 1 CAMERA 1 8
9 1 0.99875321018158203 -0.049488777031556866 0.00014570763878438652 -0.006547126788865207 -1.5274404151727639 -0.43602980291787058 0.56154033898924793 1 CAMERA 1 9
10 1 0.99894352466918657 -0.045324198703963633 -0.004105096118517601 -0.0063796331558999622 0.84990290457479722 0.31543311160682125 0.079144250053312423 1 CAMERA 1 10
11 1 0.99900323098552302 -0.043390633489729089 -0.0062815109120286095 -0.0083868961188082736 1.2961540675442682 2.0312884950756294 0.38600760047044219 1 CAMERA 1 11
12 1 0.99866076264954506 -0.050970204766926937 -0.0032370419436238561 -0.0082608068432695209 -1.5741123104627308 -0.66297268453675884 1.2243598527310808 1 CAMERA 1 12
