# 3D point list with one line of data per point:
#   POINT3D_ID, X, Y, Z, R, G, B, ERROR, TRACK[] as (IMAGE_ID, POINT2D_IDX)
# Number of points: 32, mean track length: 4
1 0.50331123873177663 -2.6601957389621647 6.6056263027493767 103 100 96 0.19956704657499569 5 184 33 8 28 8 25 184
3 0.51702476069630643 -2.0501824969195726 6.6754621051422047 45 44 44 0.75268472459129376 5 253 33 227 28 227 25 253
4 0.51702476069630643 -2.0501824969195726 6.6754621051422047 45 44 44 0.75268472459129376 5 254 33 228 28 228 25 254
5 0.4619062094871712 -2.2005549553926862 6.6659174729270063 48 47 45 0.0944167445233004 5 306 33 293 28 293 25 306
6 0.49105652028402541 -1.9824973939182677 6.6793478533804551 82 81 77 0.53000583432037196 5 308 33 295 28 295 25 308
7 0.31500958654021682 -1.9157390481245031 6.6837657997304811 47 46 46 1.1714092137218204 5 257 33 296 28 296 25 257
8 0.11212110246943928 -2.3572382796480973 6.6794203285490745 49 48 44 1.5328185602096631 5 349 33 360 28 360 25 349
9 0.46985608677659324 -2.8649749046636033 6.5854038564765593 76 73 68 0.3372205864010725 5 405 33 445 28 445 25 405
10 0.46985608677659324 -2.8649749046636033 6.5854038564765593 76 73 68 0.3372205864010725 5 406 33 446 28 446 25 406
11 0.19702862754671743 -2.2956940173485023 6.657817918822496 87 86 82 0.33322211583104805 5 413 33 447 28 447 25 413
12 0.27861753028873881 -2.2231066107457922 6.6703717430815148 42 41 39 0.10266047630885011 5 417 33 451 28 451 25 417
13 0.70497533761785136 -2.1945124743746942 6.6613379662892811 69 65 62 0.050622073712024762 5 498 33 453 28 453 25 498
14 0.50021674931183413 -2.1368609291301408 6.6729430051993281 83 82 78 0.66055902328778626 5 354 33 454 28 454 25 354
15 0.42464321945092015 -1.882093218834999 6.6756093058626726 43 42 40 0.92692222044315276 5 421 33 457 28 457 25 421
16 3.7757659436965825 0.90224086428476813 7.764072899548129 117 80 38 0.55840266301316643 5 514 33 485 28 485 25 514
17 3.5660300592137055 0.91239823572279244 7.7497360223374701 117 80 36 1.4433285221478027 5 513 33 486 28 486 25 513
19 0.43158274839230454 -2.7396059543731464 6.613326171978863 117 112 109 0.2117854924481857 5 493 33 548 28 548 25 493
20 0.46398598701039073 -2.6057276329125934 6.6188601099970787 61 57 54 1.2829785699726906 5 412 33 552 28 552 25 412
21 0.39592126851080511 -2.290563625690837 6.6680648899744144 93 89 86 0.42305563221943926 5 495 33 553 28 553 25 495
22 0.35469127743700396 -2.1368511279290012 6.6634278855156168 88 87 83 0.12372381155271017 5 497 33 556 28 556 25 497
23 2.1435587708119304 -2.4053055268167483 6.0332030201127003 46 48 45 0.43056780576538278 5 563 33 557 28 557 25 563
24 0.4405207323071943 -2.0474101265812048 6.6814207400609629 42 41 39 0.27880875641971581 5 419 33 558 28 558 25 419
25 0.17143257060227468 -2.0143713822173201 6.6847441461146229 44 43 41 0.85485487780660796 5 418 33 560 28 560 25 418
26 0.69658336129457232 -1.9058778464206865 6.6689865412309608 63 62 58 1.8339367324647449 5 422 33 562 28 562 25 422
27 0.69658336129457232 -1.9058778464206865 6.6689865412309608 63 62 58 1.8339367324647449 5 423 33 563 28 563 25 423
29 0.57517050878446963 -2.1597980215942134 6.6555161780421495 87 86 81 0.61507543812440235 5 564 33 650 28 650 25 564
30 0.56093756111080495 -1.941150657330915 6.6691678183742384 89 84 81 0.21904829277437962 5 566 33 651 28 651 25 566
31 2.2194003716868425 -4.3555627801614163 -1.0308783761000762 156 157 188 0.037183663031069999 5 658 33 709 28 709 25 658
32 2.2194003716868425 -4.3555627801614163 -1.0308783761000762 156 157 188 0.037183663031069999 5 659 33 710 28 710 25 659
33 2.2146274192226429 -2.1038092885267177 6.1903533314834256 12 12 12 0.97161395034526143 5 724 33 767 28 767 25 724
35 4.0455136886208454 0.85680120169773166 7.7826730611271069 126 89 45 0.62531825100595717 5 511 33 569 28 569 25 511
36 1.7075323899409978 1.1697998800708056 7.5208827924580994 138 100 51 1.6826823348208255 5 577 33 571 28 571 25 577
