# Frame list with one line of data per frame:
#   FRAME_ID, RIG_ID, RIG_FROM_WORLD[QW, QX, QY, QZ, TX, TY, TZ], NUM_DATA_IDS, DATA_IDS[] as (SENSOR_TYPE, SENSOR_ID, DATA_ID)
# Number of frames: 10
1 1 0.99705312791142697 -0.067577102095177755 -0.034290387622220073 -0.011940046531545376 -0.45671738659021072 -3.3770575178284563 -6.3695299113190496 1 CAMERA 1 1
3 1 0.99872053905775082 -0.049306612902199565 -0.0064541433895145993 -0.0091916713069999535 -1.2264120289302829 0.12532893353786506 1.582390907409476 1 CAMERA 1 3
4 1 0.9988515889822035 -0.046602197426699223 -0.0097998897090689797 -0.0052631306672159912 1.4265816605066111 1.2885165827186065 1.6099945835845226 1 CAMERA 1 4
5 1 0.99882945737191997 -0.046987227369893816 -0.00766492980608381 -0.0085536191915329008 0.56329314288756049 0.22669896766451486 0.47232104281574649 1 CAMERA 1 5
7 1 0.9986838420725852 -0.050339509995554657 -0.0084194452767671468 -0.0050626334825627116 0.13379320238145959 -0.065971186707418028 1.0747849926451059 1 CAMERA 1 7
8 1 0.99922952744477711 -0.037800905166074927 -0.0091021429240201266 -0.0053473400213158283 0.84581987159457828 0.29562946511164334 -0.48859253813778086 1 CAMERA 1 8
9 1 0.99900183320416658 -0.043836912352537886 -0.0053056235347787445 -0.00674631225322241 -1.5177823744166015 -0.42387434225191645 0.57031293057250398 1 CAMERA 1 9
10 1 0.99914692237352987 -0.03963368684763869 -0.0094650931955297651 -0.0067089782505780479 0.82148941897627503 0.32755497871051498 0.089699146719057946 1 CAMERA 1 10
11 1 0.99918018738143555 -0.037795592117632601 -0.011782226816973929 -0.008463184513555707 1.2790684612832321 2.0116170328864742 0.39574506679034788 1 CAMERA 1 11
12 1 0.99889914132116786 -0.045332948144479024 -0.008680914459236232 -0.0083708425212224193 -1.5590308287863937 -0.65047777055619638 1.2371364010037387 1 CAMERA 1 12
