# Frame list with one line of data per frame:
#   FRAME_ID, RIG_ID, RIG_FROM_WORLD[QW, QX, QY, QZ, TX, TY, TZ], NUM_DATA_IDS, DATA_IDS[] as (SENSOR_TYPE, SENSOR_ID, DATA_ID)
# Number of frames: 10
10 1 0.9768052641619811 0.051480854972912445 -0.19119615931231709 -0.081518256488466612 3.9606461909825761 -0.78539549028608935 1.237165998721671 1 CAMERA 1 10
12 1 0.93652662503158157 0.023777674440506328 0.34627177858999231 0.049480886787527274 -3.3399871525533973 -1.1257538507610354 3.8791592037488716 1 CAMERA 1 12
15 1 0.93664947478871696 0.10863398673008626 0.30425298533199824 0.13533860950118809 -3.3076487732591042 -0.84344348483025267 2.1133685663288073 1 CAMERA 1 15
16 1 0.97926637446488951 0.10402798534867365 0.16633037816860477 0.050495063174293781 -1.4918180805421013 0.4308309363124655 0.44406767923368579 1 CAMERA 1 16
17 1 0.94103820457369947 0.16989671737861245 0.27175645586150649 0.10830804057997399 -3.3806441363518172 0.79390086907125257 0.12250412951640277 1 CAMERA 1 17
18 1 0.98994423156520817 0.080887277443790498 -0.096351534625976135 -0.064684221520555932 1.9290600258377619 -0.58338001631167935 0.28854596235601743 1 CAMERA 1 18
19 1 0.99677225049567542 0.060305872558352666 -0.031200361679713746 0.042834796694013674 0.58339817770012448 -0.047246954781819138 -0.39248126742876144 1 CAMERA 1 19
20 1 0.9942276478287857 0.032418897298494308 -0.055007390108647108 -0.086224047830203002 2.2475446089443589 -1.0312713368916093 1.3156300281598761 1 CAMERA 1 20
21 1 0.9985498799974496 0.052536819955522729 0.0082988509898217783 -0.0083155744412939849 0.8497216127000865 -0.50861826714901959 0.99318113808970887 1 CAMERA 1 21
23 1 0.99003814300164839 0.051180026525822125 -0.12098746167133217 -0.05066669917205794 2.951416196288418 -0.57212323582618418 0.86225332576111358 1 CAMERA 1 23
