# 3D point list with one line of data per point:
#   POINT3D_ID, X, Y, Z, R, G, B, ERROR, TRACK[] as (IMAGE_ID, POINT2D_IDX)
# Number of points: 632, mean track length: 3.7768987341772151
1 -3.1421689036011098 3.5938302689045063 5.2630736311304771 119 91 69 0.72250699295745191 23 201 21 30 10 172 18 325
2 -1.5618398507073383 3.7909245285199282 5.0461153895123827 130 105 81 0.30376222287338223 23 90 21 36 18 89
3 -0.34879791267217769 3.8904836744009241 4.905997743757224 159 135 111 0.51311909200301564 23 168 21 41 18 176
4 -0.28213789368582098 4.0561879671092287 4.7869967489296057 93 71 59 0.15597856358746207 23 206 21 48 18 219 16 333 15 96 12 77
5 -1.643514614669078 -0.15576194998313841 6.9085601701827661 89 108 115 0.51361449800015535 23 4 21 59 18 249
6 -2.9236515099021152 3.6297593119938423 5.2571194230556291 122 96 74 0.57555525369512062 23 381 21 111 18 413 20 152
7 -0.47930724690924631 3.977502005053136 4.8732553865132964 30 16 7 0.8428186816811577 23 378 21 117 10 429 16 496
8 -0.011215332607073136 3.9690668406344263 4.8272508880911049 148 126 103 0.67818721583169617 23 178 21 118 20 95 18 309
9 -1.6421766585580242 -0.10076734455398338 6.7809708652216232 25 27 29 1.1936668078418911 23 429 21 141 18 482 19 468
10 -3.538577212373792 3.2873636481702793 5.4697338473836714 201 177 155 0.25120746490370449 23 583 21 157 20 301 10 533
11 -3.2906482623479949 3.4144064303608759 5.3334589721736485 167 141 116 0.47884410613109146 23 466 21 159 20 196
12 -2.3216794691799199 3.6443974438623843 5.1717475815686829 148 122 98 0.86480599071181707 23 597 21 164 20 311 10 534 16 793
13 -2.2999312610071474 3.7445464771974803 5.1365861878716998 85 60 48 0.68026082473933225 23 602 21 167 20 315 18 643 16 797
14 -1.6962298185125109 3.7625562400008983 5.0834767408640555 145 121 95 0.44180408978153451 23 472 21 170 20 206 19 510
15 -0.52894849935239241 3.8685249893639662 4.9183536745380785 158 133 108 0.49957092950129678 23 375 21 177 20 203 18 406 19 518
16 -2.0823816262221038 3.8475931700431638 4.6996559274158614 136 114 91 0.42310997452685911 23 486 21 178 20 225 10 352 18 534 16 649
17 -0.022235752257512786 3.9458615127921726 4.8467556588729659 136 114 91 0.6015039084632372 23 373 21 180 18 403 16 850 15 565 12 503 17 675
18 -2.0039558738434886 3.8539270612812921 4.7051487250000585 101 79 56 0.54721088150536445 23 392 21 182 16 650 12 230
19 -2.0321307138916103 3.8770409414253049 4.6589707007269947 136 114 91 0.23492862229064093 23 487 21 186 20 228 10 354
20 -1.0828670368350428 3.9488800259983954 4.6659792098934094 98 76 53 0.51951669488577867 23 294 21 190 20 221 18 343 16 490
21 -1.8448737789915541 3.9349566494611095 4.596042960692813 116 91 69 0.47636949007089002 23 396 21 194 20 229 10 355 16 479
22 -1.100171865756721 4.007082015946092 4.5696451110338527 106 81 61 0.27744810307524737 23 393 21 203 20 224 10 262
23 -1.6326932542075014 3.9918789823768193 4.5103957946178541 99 77 54 0.45063086520367757 23 489 21 206 20 232 10 452 18 541
24 -1.6318679700701222 3.9930147704467269 4.510401416513953 99 77 54 0.37501773286285373 23 490 21 207 20 233 10 453
25 -1.4697847880675141 4.0259897148698967 4.4791909290411196 109 83 68 0.55474889796120985 23 491 21 210 20 332 10 451
26 -0.71539650331343807 4.0828620553372952 4.4598206032632888 78 55 39 0.22590355488471062 23 395 21 214 20 227 12 502
27 -1.6859354944890681 -0.068773213950799397 6.7476028296787023 249 240 243 0.80195628313523759 23 431 21 253 10 293 19 469
28 -0.08726017406372838 3.4435829565490272 5.6166984294486015 198 178 154 0.58956749014094523 23 579 21 267 20 414 10 522 18 506 19 402 15 771 16 801 12 690 17 756
29 -3.4629979362342942 3.3738725366489652 5.3526665973630729 169 143 118 0.62774445578451699 23 586 21 268 10 535
30 -2.8867633008760647 3.4871029861648979 5.2765261899643372 176 148 125 0.45648521543006582 23 587 21 270 20 305
31 -2.7369911152016932 3.6719767125071416 5.013366851410221 128 103 81 0.6900562569124935 23 607 21 279 20 217 18 651
32 -0.65117796128153693 3.8609823771281579 4.9355803223392094 147 122 100 0.62815046874802638 23 594 21 285 20 310 10 426
33 -0.34174633149455313 3.8957386222304908 4.8844504469815417 152 128 102 0.49318064177520976 23 590 21 286 19 604
34 -2.0849012430683 3.8782625342028472 4.6656361964587214 176 154 131 0.39211130787437121 23 613 21 287 18 659
35 -1.7652999054870731 3.9251178538038465 4.6379802512445272 154 130 108 0.39451103071681026 23 612 21 292 20 326 10 548 18 658 16 823
36 -0.43281084059345343 4.017245509815103 4.7614737609528062 76 55 40 1.1083190668538903 23 604 21 293 20 318
37 -0.7641412683880322 3.9796574787177224 4.6861831773647591 117 91 73 0.2840178223222698 23 389 21 294 20 323 10 331
38 -0.24474502314409757 4.0522899120115534 4.756844639958218 67 45 34 0.85270315348168357 23 481 21 295 20 316 18 646 16 1009
39 -1.759303774966289 3.9429660675894618 4.5912482363540308 116 91 69 0.28753270500580552 23 614 21 298 20 327 10 550 18 661 16 826
40 -0.053124788393505207 4.0936761125534815 4.7552785702640454 82 59 43 0.66125854001580664 23 480 21 301 20 214 18 644
41 -1.8022072175264463 3.9905599534452421 4.491887744263515 173 148 126 0.34873534117777399 23 619 21 303 20 336 10 553 18 665 16 833
42 -0.82828172754776686 4.0951524002723731 4.4192012325143981 86 63 45 0.70670347099873387 23 615 21 312 20 328 10 445 18 662 16 852 15 787 12 501 17 871
43 -0.22636245556818665 3.4143621538099471 5.6353187835746308 206 185 161 0.62820782171622214 23 462 21 383 20 299 10 423 18 621
44 -3.3822619074487967 3.4510358484583423 5.3307601815083858 157 129 105 0.65359068488561634 23 684 21 387 20 422 10 644
45 -0.95277799244161188 3.8218189511525353 5.0102183079682545 160 136 112 0.77814870798874469 23 591 21 390 20 420 19 599
46 -0.8831869294662128 3.797456633782283 4.9426635030955079 157 131 106 0.72140422784714153 23 592 21 391 20 421 10 525 18 630 16 822 19 600
47 -0.70883589122815527 3.862242010249453 4.9702210621875338 156 132 108 1.125299255994783 23 593 21 393 19 601
48 -1.6574221416891786 3.9718254744618608 4.547920178101454 153 131 108 0.69321320536056297 23 616 21 395 20 330 10 551 18 663 16 834
49 -0.89606145502503221 4.051558350222896 4.5077204957948531 140 119 98 0.32485703572230179 23 611 21 402 10 543
50 -0.44067507408142192 4.0983554804176876 4.4563493724645298 107 83 63 0.55628112915380723 23 610 21 404 20 325 18 656
51 -1.8054467106884209 4.0486237123303779 4.370594491016595 121 99 75 0.70522179183831035 23 705 21 405 20 440 10 653 18 756 16 1181 15 1172 12 699
52 -2.8411119706541683 3.658185197054352 5.0188350214869661 126 102 78 0.92131062971224087 23 693 21 508 20 428 10 740
53 -1.3676020699328877 3.9151743400369785 5.0091573683847672 155 128 107 0.83362181081228637 23 685 21 514 20 529 10 640
54 -1.8757491615584261 3.8709348629125238 4.689161309807286 171 149 127 0.47393700904976788 23 697 21 515 20 537 10 651 15 978 12 694
55 -1.5318619093290016 3.9553924834627208 4.5758069795287701 151 130 109 0.49946306945539826 23 792 21 517 20 645 10 741 16 1176 15 1171 12 889
56 -0.95185228239863895 3.9871417145619432 4.5727259316029079 139 117 96 0.87044566233334708 23 696 21 519 20 431 10 646 16 1183 15 1348 12 1107
57 -0.76352523549983164 4.0969820488122144 4.4251344633138059 128 107 86 0.68591089646773895 23 699 21 526 20 538 18 842 16 1190 15 1181
58 -1.9261523999334917 4.0624381493429187 4.3438763093548687 120 96 72 1.0098117657624421 23 796 21 527 10 654 18 757 16 1179
59 -1.9261712854622872 4.0621630611847106 4.3415155164202268 120 96 72 0.72739626523469969 23 797 21 528 10 655
60 -0.015876338378719212 3.5017464513376595 5.5591694008868959 217 194 170 1.0598394497435968 23 877 21 614 20 634 10 735 16 1273 15 1343 12 1101 17 1149
61 -2.4809426877530747 3.730146616201401 5.0864097082460322 138 113 91 0.67437234531172097 23 881 21 615 20 641 10 805
62 -2.0133646151014775 3.8000638449945257 4.7683773020684734 165 143 120 0.73120528601019075 23 885 21 616 10 808 16 1160 18 904 15 1165
63 -2.5603520014950485 3.799156462717534 4.6956776731026588 123 99 75 0.49503305671904085 23 793 21 618 20 647
64 -1.0778564010228342 3.9586475092212985 4.5838612949400863 97 75 52 1.2783406688125045 23 887 21 620 20 642 10 804 18 905
65 -1.3324362888473291 3.9901395890891798 4.566860815722845 150 129 108 1.1066844924814103 23 889 21 621 16 1279 15 1346 12 1316
66 -2.4299838307372581 3.9862037336297806 4.3455685710063712 124 99 77 1.3420673207545168 23 892 21 624 20 654 10 746 18 914
67 -0.79545061234947434 4.1959061058439477 4.2361409102260748 63 45 32 0.61028963166167827 23 795 21 626 20 549 16 1288
68 -1.3371584099453511 3.9092466007505959 4.6996610842932629 117 91 68 1.0037027344316909 23 884 21 698 10 803 16 1364 15 1345 12 1314
69 -0.72156549829057781 3.9577524609687367 4.6804298680796039 95 69 52 1.1067093476427492 23 934 21 699 20 725 10 800
70 -0.84670207357800342 4.001880709916982 4.5964355909686025 69 47 34 0.78161148311711282 23 886 21 700 20 727 16 1421 15 1593 12 1438
71 -0.88873084698477556 4.0689601926409908 4.4613013898867999 135 114 95 0.63242858623399056 23 936 21 704 20 728 18 956 16 1424 10 871 15 1509
72 -0.98486594018595508 4.2576143437261038 4.1097675167807033 93 67 52 1.2668278448323202 23 893 21 707 20 655 16 1370
73 -0.16360862436784315 3.5158226525600362 5.6124173528689605 110 93 85 1.2156528512718703 23 932 21 737 20 788 10 868 16 1462
74 -2.9708718512889769 3.7293232609497657 4.7706935818470315 129 103 80 0.51995693440659763 23 975 21 741 20 793 10 912
75 -2.7897162788733825 3.8614406390892553 4.6027732763445179 124 102 78 0.54135280903407512 23 980 21 742 20 798 10 937 18 1004
76 -0.97697200226984859 3.9505683290058533 4.7339698630455045 138 117 96 1.1588592296864249 23 935 21 743 20 726 10 870
78 -1.4487296192911572 4.0107990348259772 4.5048942935916569 55 42 33 0.38023195744600158 23 977 21 746 20 795 16 1467 15 1588 12 1430
79 -1.4487296192911572 4.0107990348259772 4.5048942935916569 55 42 33 0.38023195744600158 23 978 21 747 20 796 16 1468 15 1589 12 1431
80 -2.0033498918014878 4.0999212942264043 4.2781633329359394 159 137 116 0.7278124673875126 23 940 21 751 20 735 10 874
81 -0.98442373875486477 4.1271673040329286 4.3080995640591011 102 77 57 1.2049019652032218 23 979 21 752 20 799 16 1425 15 1594 12 1323
82 -0.49395911259916814 4.2447568598737719 4.1862070313393138 126 105 84 1.0426391264935533 23 982 21 754 20 801 15 1598 12 1526
83 -1.7906455995480606 3.9415705294864121 4.5674274426979755 123 99 75 1.104965047934408 23 976 21 788 20 794 10 911 18 1001 16 1465 15 1587 12 1428
84 -1.8610671399411531 3.8307558371511981 4.7896032080763131 158 138 114 1.238660601287247 23 1000 21 817 20 836
85 -3.1624489509718807 3.4657697840185566 5.3453163309424259 177 151 126 0.2774590181949646 23 169 20 44 18 166
86 -3.0675055386298213 3.5972831930887796 5.2884354555351472 82 62 49 0.82220532128646506 23 196 20 61 10 168 18 205
87 -1.8380600753273089 3.8108850814150164 5.0903252032508126 181 168 161 0.30498439387307369 23 202 20 62 10 69 18 97 21 35
88 -1.9422202517303795 3.7959415568692578 5.0943609131948833 62 50 42 0.42398262458459191 21 33 20 65 18 212 23 204
90 -1.2304434181175066 3.7322872624463441 5.0192476835710549 149 125 99 0.37910309761255778 23 167 20 93 10 135 18 174
91 -1.3008347614411329 3.7840948522086872 5.0198748308403154 161 137 111 0.4550435060068676 23 183 20 96 10 138 18 188
92 -1.6497111543310856 3.7801729970344247 5.0716023189947101 127 98 71 0.32664303099142211 21 75 20 100 10 246 18 200
93 -3.6696918840076482 3.5128136062253539 5.3717530608056823 86 62 47 0.43111623235272289 23 281 20 102 10 346
94 -2.5874768566307198 3.6809780186168628 5.2105850211792779 66 51 42 0.39870822040288867 23 285 20 103 10 254 18 324
95 -1.5137447009199629 3.8683444884962523 5.0411910295661606 109 84 64 0.38530972061139179 23 287 20 106 18 215 10 153
96 -1.0098285550406172 -4.3166134571445669 14.96769272979045 55 101 146 0.67704683058318027 23 213 20 108 10 181
97 0.20217229801917647 -0.14676282494973486 9.497034381745209 32 35 40 1.7283947703039007 21 144 20 115 19 285
100 0.12473308214226053 2.447772024002163 5.9123245839196494 46 58 70 0.49806270979245726 21 154 20 127 18 380 19 394
102 -1.5691086819466675 3.6846880712470576 5.0764044831631763 161 137 113 0.62027601644561559 23 267 20 136 10 243 18 301
103 -0.044302715777942453 4.0116020575622278 4.8065240146921946 106 80 57 0.4596046819704524 21 122 20 140 18 197
104 -0.014211216596140719 4.0000832160581616 4.783364158428884 101 75 52 0.51970458177308054 23 376 20 141 18 317
105 -2.4293328155528697 3.6434903865928017 5.1962134549364771 142 113 83 0.25211091279011033 23 274 20 142 10 251 18 314
106 -3.743914427003364 3.489556387888173 5.3721836152554712 85 61 47 1.1658495106333331 23 379 20 145 10 347
108 -3.4046895988966339 3.5740723213964292 5.2799623291185291 74 48 33 0.54541885459080186 21 162 23 388 20 154 10 348 18 418
109 -1.3622822017240699 3.907516277827606 4.7432101518087233 93 68 46 0.17117342200119248 23 293 20 156 10 256
110 -0.91814136852905837 -4.1369494840274346 14.970582496875425 26 43 52 0.68170603750412817 21 240 20 164 23 516 18 468
111 -3.0542153609120586 -1.8016030558455309 12.824312573861434 77 96 111 0.8768990297548831 23 306 20 167 10 282 18 470 19 281 16 744 15 947 12 832
112 -0.07043206003519023 3.4885064146691858 5.5708992280265379 181 157 131 0.56629899630204095 23 352 20 191 10 320
114 -1.0445106503369375 3.7789751815168349 5.0015930459663469 159 131 109 0.67438482439541014 23 470 20 199 10 427 18 515 19 513 16 655 17 445
115 -1.3576457018308128 3.7254861958161731 5.0405755713613472 151 126 101 0.74558025866556876 21 168 20 201 18 401 16 640 19 511 17 630
116 -1.1704702132462486 3.7513701099048897 5.0016961682307421 159 135 111 0.29494997650914623 23 374 20 202 10 428 18 402
117 -4.120122210707776 3.4672087119517014 5.4012206743173143 111 85 60 0.5979347052133942 23 479 20 211 10 449
118 -1.7179021095638056 3.8371352865718764 5.0581238268431932 117 87 63 0.53316414191613104 21 173 20 212 18 525 19 422
119 -1.5663363872929326 3.8682678646173518 5.0409094368460243 117 91 64 0.61129683926539236 21 175 20 215 10 333 23 386 18 421 19 423
120 -2.4541043019387341 3.7368508932874662 4.9717149232610973 119 95 71 0.24599704431542224 23 484 20 220 10 444 18 652
121 -1.7533046739136116 3.9646167218154349 4.5431349799520016 151 125 102 0.43708030229512207 21 198 20 231 10 357 18 445 16 486
122 -1.7912614691477535 3.9778562258820225 4.5313514293043129 128 106 82 0.84031981548686474 23 397 20 234 10 454
123 -1.4119053971340518 4.0413071059167356 4.4422230781643002 93 69 50 0.35313745765990784 21 213 23 618 20 236 10 552 18 546 16 682 12 254
124 3.853194936909774 -5.9769760194003352 12.753880169871282 112 121 133 1.0792117841559246 21 226 23 401 20 246 10 358
125 0.94178781353370622 -4.3906065336383779 14.808938561312756 92 105 141 0.77652955120929479 21 231 23 506 20 248
126 0.020011758155842052 -4.4327933016556065 14.798832514360274 88 76 150 0.4677816461315622 23 505 20 249 19 368 21 230
127 -0.12404795795565135 -4.4215338849771157 14.892020053858339 58 56 121 0.93406225628881434 23 507 20 250 10 461 18 569 19 535
128 -0.31566857372016865 -4.3724528043636006 14.92193917486618 82 111 159 0.55939125809649737 21 233 23 405 20 251 10 363 18 571 19 441
129 -0.73228460812083151 -4.393273038467826 14.857624084084183 67 87 137 0.67652238654327934 21 232 20 252 18 570 10 462 16 900
130 0.68824442360255789 -4.2146760912978047 14.922376492493326 34 61 91 0.6676273315279212 21 335 23 513 20 253 10 465 18 572 16 1072 19 448
131 -1.5639756744319064 -4.2666596102298175 14.808739707981555 97 141 186 0.68430964562613272 21 234 23 512 20 255 10 364 18 573 16 903 19 280 12 820
132 -1.4621740310493894 -4.1726188002929385 14.859343379676998 34 22 39 0.45460902642767415 23 514 20 257 10 466
133 4.2731588825123472 -1.4452582059629357 14.284360174851425 128 125 108 0.41522908535940939 21 350 23 409 20 258 10 369 19 466
134 2.9464109101913074 -1.1678564299487468 12.889763298098542 74 81 87 1.0385845298890595 23 527 20 259 10 474
135 -0.60024557415638702 -1.5633970990449906 12.76916169491099 65 79 90 0.52965019320213491 21 347 23 523 20 260 10 473 19 458
136 -2.9560069573507541 -1.8979880013493651 13.062525103899604 43 60 75 1.0120972580204148 21 343 23 406 20 261 10 368 18 583 19 454
137 -3.7310284389803843 -1.9315610117075959 12.881625327570667 64 83 98 1.132360431875908 21 244 23 522 20 262 19 453 16 913
138 -0.91795243702928164 -1.2652049768568132 12.269978550574885 72 86 99 0.27163519627338673 21 351 20 264 18 588
139 -0.91670772656915289 -1.2666839194300676 12.256681138077557 72 86 99 0.38922528508424248 21 352 23 528 20 265 18 589 19 459
141 -3.2600749402338907 -0.09296401537307554 9.8229352575664102 129 143 156 0.42223394032874539 23 561 20 291 10 510 18 605 19 470
142 -3.2600749402338907 -0.09296401537307554 9.8229352575664102 129 143 156 0.42223394032874539 23 562 20 292 10 511 18 606 19 471
143 -0.18269390524328655 3.5614823536334237 5.460507481480489 201 177 153 1.0246986610075821 21 388 23 354 20 300 10 424 18 624 19 504
144 -4.0944862936211397 3.2368972516912171 5.39201992411187 173 147 123 1.0597594781444311 23 463 20 303 10 438
145 -0.59408553203042136 3.8348125439623071 4.8882797171997927 152 128 102 0.13160773753164981 21 284 20 307 18 516
146 -1.5333315100241482 3.6980518949681227 5.0594718088758652 151 127 103 0.46271224878550982 23 589 20 309 10 528
147 -2.3667294668175791 3.7331681313502432 5.144986605090379 91 63 51 0.93139619779194782 21 278 20 314 18 642 16 794
148 -3.378146513475925 3.5932552448777146 5.2359187695814731 167 142 120 0.45560508104398434 23 605 20 320 10 547 18 645 21 163
149 -1.8749475623293859 3.8453355198852996 5.0449848971065654 135 111 87 0.40106473193507064 23 482 20 321 10 437 16 805
150 -1.2924045106410702 4.040949631200399 4.4654967068167224 154 133 110 0.63908242806622828 21 307 23 617 20 331 10 549 18 664 16 846 15 783 12 702
151 -1.0391036184267954 4.1458976080463588 4.2960974864290211 110 88 67 0.71419154679403107 23 620 20 342 18 668
152 -1.7190894262885905 4.0488605561373285 4.4000912715469349 131 109 86 0.40537492198990538 21 403 20 343 18 669
153 -1.0922227787956782 4.145153880049679 4.2925669042468604 161 141 117 0.65605663541386283 21 219 23 621 20 344 10 455 18 453 16 698 15 266 12 70
154 -0.78497065089602835 4.2676697816402909 4.0634155466925277 97 75 54 0.77917939386919333 21 223 23 623 20 345 18 554
155 -1.4897227735523533 4.1766100535062334 4.1644015254770084 168 146 123 0.75386080389925703 21 221 20 347 18 555 16 696
156 -1.766962905064394 -5.3928475874728683 14.544258831237171 61 152 219 0.83672640369512141 21 333 20 362 10 459 18 560 16 882 19 434 12 817
158 -0.87894171466840321 -4.4131611416647338 14.691548289523979 63 68 125 1.5618931907528362 23 632 20 366 16 1061
159 0.017175786207996591 -4.3192328367835282 14.940657096175903 30 45 80 0.19781275394161427 21 334 23 510 20 367 10 463 19 536
160 0.018761222771640218 -4.3197942592987282 14.940947679821916 30 45 80 0.29239257889395448 23 511 20 368 10 464 18 690 19 537
161 -1.0761996091067414 -4.3765692138528012 14.933461774133226 40 67 116 0.58518736061087995 21 439 23 633 20 369 10 573 18 691
162 -0.013860895032042575 -4.147008278931362 14.969038879718935 22 27 40 0.64322529714144938 21 237 23 515 20 370 21 337 10 467 19 447
163 3.9452542605927787 -2.8544874405794034 13.163021309512228 67 93 82 0.93794107972398433 21 340 20 372 19 451
164 3.824372061071311 -3.7246365807579775 16.286240397701349 62 95 84 0.37830984577748999 23 640 20 373 18 578
165 3.2354021747009654 -1.6424999345479017 14.654928293492695 123 124 103 0.76957191697185023 21 349 20 376 23 524 10 471 19 558
167 -3.6245996195158328 3.229012248995351 5.5873257573572426 220 192 169 0.35432996184593213 21 265 23 683 20 416
168 -1.5527372277774494 3.7663770343156053 5.0465476437121612 144 119 95 0.51251811752967025 21 281 20 424 10 532 16 806
169 -2.0644465606031521 3.8101802590093508 5.1190964455294008 119 92 71 0.95701615984002919 23 686 20 425 10 536
170 -0.14377459580709068 4.0784834171745494 4.6802147257076161 146 124 103 0.55410601316900854 21 397 23 690 20 426
171 -1.4623108771691138 3.8660832952551263 4.8346486587301385 128 102 79 1.6320317940535611 23 692 20 427 10 643
172 -2.1143641966162154 3.8096432781991454 4.7695265563245197 150 127 104 0.6223110356946262 23 695 20 430 10 650 18 840 16 1159
173 -1.2973323523756051 3.94952818495066 4.6206392242576264 132 110 86 0.38608345978557895 23 609 20 432 18 655 16 993 15 779 12 488
174 3.8521423862803017 -5.0672639924823928 12.92233838850775 77 81 93 0.86172802662968573 21 430 23 626 20 453 19 620
177 -1.0546582944134264 -4.5247840220968216 14.767146988319618 167 105 214 0.8404707157960537 21 437 23 630 20 463 10 567 18 683 16 1208 12 1188
178 -1.2649940265288064 -4.4819274338337953 14.81442782043127 19 33 61 0.83487277378324642 10 570 23 504 18 686 16 1058 12 995
179 0.5056043618209608 -4.3423913788077888 14.887891305350344 89 93 140 0.36353758365175037 21 440 23 634 20 465 10 572 19 631
180 0.50436066934448165 -4.1942945422290148 15.092292629101825 104 156 202 0.55452832482546088 21 443 20 468 16 1073
181 -0.8790986235966739 -4.2566457332983578 14.895201286936686 126 178 215 0.31543452428779195 21 568 23 734 20 469 10 680
182 2.8573675879344287 -3.6151883823961999 16.868956948076136 53 85 72 0.13335823339057082 23 738 20 470 18 782
183 4.3109449466251846 -2.5363540147975971 13.679986449933343 60 93 74 0.7811444118563502 21 571 20 471 19 639
184 3.1856903197797517 -2.6785259875732303 14.31952896740844 56 85 67 0.21031796205891184 23 643 20 472 10 695
185 3.1856903197797517 -2.6785259875732303 14.31952896740844 56 85 67 0.21031796205891184 23 644 20 473 10 694
186 2.5143089345019085 -1.8544285495424424 14.364878340231343 12 16 19 0.85510751748803171 21 579 23 746 20 476 18 789 19 653
187 -0.65440731171030342 -1.904270714682913 13.346151904826543 82 100 112 0.30807220089735143 23 648 20 480 10 697 19 641 21 575
188 -2.1787966617800967 -1.9964916247451316 13.254312555250351 131 145 158 0.25191315353647126 23 646 20 481 10 590
189 -2.3735576340316662 -1.8348260219770325 12.959579296403009 28 40 51 0.57935874843739155 23 651 20 485 10 594
190 -3.6605815201927703 -1.7122952802781419 12.334783489617049 88 107 121 0.53081983301017432 23 654 20 490
191 -0.63108357572059293 -1.1728308048162954 12.085304976478435 70 88 100 0.5154986163244657 21 471 23 658 20 491 10 603 18 696 19 556 16 1098
192 -1.5725340563071772 -1.2338353547650682 12.047898238695964 68 85 100 0.48392683582957507 21 469 23 529 20 493 10 605 19 553
193 -1.3401017290401631 -1.177688830421161 11.957472962636167 50 64 77 0.39042409294253783 23 757 20 494 10 710
194 -0.10022582118358178 -0.42310023719622697 9.7693495625417839 30 44 57 0.53269507965016127 20 499 19 669
195 -3.0827682281249835 -0.93323774983035523 11.318112681159072 113 129 142 0.42385878813601874 23 665 20 503 10 615
196 -0.10253022981285437 -0.27554105526931155 9.703807889811106 221 240 246 0.80743419250545789 20 506 19 566
197 -3.9678773848989808 -0.9590650091660502 11.263954872196676 76 95 110 0.53442569772881043 21 588 23 766 20 507
198 -1.347855377386455 0.077622049810320129 10.444802744738256 168 197 215 1.7263272153990221 21 605 20 515
199 -3.5569973664121934 3.2437177734838496 5.501719019493593 196 93 99 0.67917573909200935 23 790 20 526 10 737
200 -3.5570675879813547 3.2443058133701945 5.501660732479948 196 93 99 0.61586695209128262 21 499 23 791 20 527 10 738
201 -2.1785621377892985 3.7921302030528223 5.0936258583946046 122 95 74 0.46969494676357137 23 688 20 531 10 645
202 -0.36147010095208865 4.0834666857538346 4.4886642746730878 105 83 60 0.31129113875790509 21 525 20 535 15 1186
203 -4.0065462481831711 3.6304821191465377 4.7653664430332672 147 122 99 0.75532996392358565 23 703 20 541 10 747
204 -1.6231782443750475 4.3470035389046036 3.8423863146480177 135 113 90 0.88009062613554345 21 548 20 560 12 903
205 1.0683038970829899 -5.9316925083224472 14.602381735564865 71 134 195 0.5435616625381503 21 554 23 817 20 573 10 755 19 616
206 1.1957139497276437 -4.8180189409571126 14.906952033133535 41 72 126 0.75649243846120895 23 732 20 581 21 435 10 678 18 772 19 531
207 0.95841249649961602 -4.6205653730965581 14.922325270256689 42 59 102 1.4295307252837002 21 565 20 582 19 628
208 0.90591311642324268 -4.1299934585204356 14.899280803828637 130 174 201 0.45128262005748015 21 655 23 736 20 584 10 683 18 866 16 1311 19 715
209 -0.18515670878283397 -4.210379312461014 14.888563806360711 130 179 223 0.42601835636343083 21 442 23 635 20 585 10 574 18 775 16 1211 19 632
210 -1.3229335022266415 -4.2891715899431011 14.83672926537073 145 195 234 0.67370295080633447 21 652 23 828 20 588 10 762 16 1210 12 1373
211 3.0128810015848129 -2.1957208686803491 14.797437157183181 12 18 14 1.1360750470587622 21 671 23 741 20 590 10 772
212 2.2834623533082548 -2.108887243531 14.392439086436429 52 65 72 0.48202538124777594 23 645 20 591 10 584
213 -1.3539547303088098 -1.9514493218424176 13.321368599604597 95 113 125 0.4429287475221485 21 574 23 647 20 594 10 591 19 637
214 -3.0208410896483802 -2.0693966417958309 13.289702086487925 112 130 142 0.73197263861402484 23 745 20 595 18 878 21 670 19 722
215 -0.074534951472283617 -1.2825880690940421 12.301732779349203 29 39 48 0.19921650755859485 23 850 20 597 10 704
216 -1.9915744899714647 -1.4223433396143539 12.301297538177629 30 40 50 0.59158044126943965 23 752 20 600 10 706
217 -0.31901986853525854 -1.1287698692774484 12.067463737687325 49 65 78 0.40965832229926735 23 758 20 601 10 709
218 2.0790577173437712 -0.67986462657071245 12.186067856480298 60 74 85 0.82963290520840793 21 597 20 604 18 805
219 3.087693058714402 -0.5672658771271244 12.504055708154576 174 164 158 0.78989680217848901 23 768 20 605 21 598
220 -3.4057719737154577 -1.1638490974064106 11.965804480902154 28 42 54 0.46639116763187588 23 761 20 616 10 784
221 -3.0796960993607203 -0.67994940125804693 10.878946234177549 21 34 43 0.66530524426070636 23 862 20 621 10 788
223 -2.3299163833708181 3.4320937764757602 5.2875432184408346 197 173 147 0.6022369047595898 23 878 20 638 18 900
224 -2.3209313130891589 3.4555740250378384 5.3180034737259962 197 173 147 1.0180647328035208 23 879 20 639 10 799 16 1266 15 1336
225 -2.9442284546457609 3.6500648630085615 5.1807741552852846 155 130 108 0.32609819653156608 23 880 20 640 10 807
226 -2.0045000854113892 3.8595575489497138 4.6816597757312142 131 108 84 0.57361917484330738 23 888 20 644 10 810 16 1362 15 1341 12 1312
227 -2.5639312662425073 3.8132302540571898 4.7242870615630714 131 105 82 0.40903428692738347 21 617 20 646 18 907
228 -2.3494371857870324 3.9431767237767263 4.4740598685501602 142 120 96 1.0415774343864204 21 622 23 890 20 650
229 -1.7358713263970733 4.0836594632658931 4.3107508842159721 168 146 125 0.62119919401435364 21 625 23 798 20 653 10 744 18 912 16 1282 15 986
230 0.65588831847006113 -6.0145258258531715 14.711800963971706 68 137 197 0.74194164074450519 21 644 23 716 20 673
231 -1.7756366652589417 -5.2616559922596426 14.681228088342216 25 37 73 0.69953714369999531 21 560 23 723 20 681 10 758 16 1299 19 704
232 -2.0810552682693024 -5.1304065838451001 14.6009593681711 61 147 221 0.86594267548004333 21 649 23 823 20 682 10 822 18 920 12 1467 15 1635
233 0.74846578404053232 -4.4312037843606111 14.89618343205022 183 206 224 0.36737681525481602 23 827 20 686 10 760 18 863
234 0.26239753482658706 -4.2433829153038731 15.081379324257229 114 174 219 0.53245496824079108 21 653 23 735 20 688 10 681
235 -0.75487588914788495 -4.0400313263762895 14.884541714396583 13 14 19 0.96097816372833778 23 834 20 692 10 684 18 869
236 -0.35100885424055639 -4.0807790912694344 15.050139089850802 10 13 18 1.5655942247091796 23 737 20 693 10 685 21 446 19 633
237 -1.1488440899297419 -4.1083901170437347 15.097887779084974 10 13 18 0.7628991969287231 23 833 20 694 10 764 18 922
238 4.2365008934689365 -2.8258893421369926 13.393263149333968 126 146 134 0.15485997793144499 23 839 20 696 18 872
239 4.6389602535481131 -2.6411335836137453 13.738620477338497 20 43 33 0.73067077140054515 23 841 20 699 10 769
240 4.149599028868046 -2.6541584396954798 13.921505587222109 30 50 38 0.80177346111355074 21 663 23 913 20 700 10 840 18 928
241 3.0918839710826416 -2.7067199603395946 15.51596659645873 38 65 50 1.439808870743345 23 916 20 701 10 842 18 933 21 667
242 1.8480166625890422 -2.2628321208038824 14.285777578823167 34 44 46 0.51976868331259507 23 845 20 702 10 771
243 -3.8362214908642369 -2.0492129702869901 12.631966605966905 101 119 133 1.8376757475461041 20 703 19 720
244 3.7970186392244578 -0.49274201170986281 12.497245886603384 123 106 94 0.89173462432685746 23 859 20 705 18 887
245 1.8283178180676325 -0.34383338743785752 10.945616915563559 15 18 23 0.56304409178736692 21 688 20 706 19 780
246 -1.7552344667919235 -1.0149578163317243 11.924718932441296 20 30 39 1.3536496105729834 21 673 20 707 18 884
247 3.4330645753735438 -0.17145593064240727 12.158209835773663 200 197 190 0.78260058656690712 23 864 20 708 18 940
248 -3.2707922393025863 -0.49713079774458951 10.257826737420171 71 93 107 1.1888090413266319 21 683 20 711 19 776
249 -3.2846673573028906 -0.50720769144127864 10.555843239831958 71 93 107 0.48953732018464163 23 867 20 712 10 859
251 -3.7318935703371094 -0.5568488954632429 10.572984067598203 72 91 106 0.21388959458108006 21 682 23 923 20 714
252 -0.3602128306363227 3.509698770645846 5.4166117662215241 207 183 157 2.0111415130517871 21 738 20 723 19 817 12 1509 17 1240
253 -1.1362891607552332 4.0559060175141637 4.4462881729940369 161 140 119 1.1357037149340763 21 703 20 730 18 909 16 1368
254 -2.3366102552787957 3.9897088804720497 4.3746622878179933 181 160 139 0.30115143673826134 23 891 20 734 10 813
255 -0.99670887037196321 4.3463850716643426 3.8801002805595419 133 110 92 1.332061642067156 21 712 20 737 15 1362
256 0.49578850034428595 -4.664188042397913 14.982589574640631 36 50 97 1.4640324835776584 21 651 23 826 20 759 10 824
257 -0.53694247147969232 -4.2363196313012361 14.83471162708426 145 199 230 1.1818862860882098 21 720 23 831 20 762 10 763 16 1310
258 0.65444031766243815 -3.9819683670744106 15.144074624017341 11 11 16 0.72795640231288239 21 721 23 905 20 766 10 891 18 923
259 0.76905998829416811 -2.740837738239954 14.698723587635042 6 7 11 1.5168070497821775 23 843 20 770 16 1313 21 665 19 721
260 0.37150498266087201 -2.6882873079126792 14.895227351017674 90 108 122 1.698254254178462 21 727 23 917 20 771 10 843 16 1435 19 804
261 4.7400312977869499 -1.9711155887357756 14.272943491642669 14 20 14 0.87461960734830291 23 962 20 772 10 844 18 976
262 2.1190936321662126 -1.7924415894343797 13.768528650499972 13 13 16 1.6338128712115119 23 964 20 773 10 846
263 4.5491198325603319 -1.1233164224879413 13.579218344130485 26 27 29 0.31676065711520723 23 919 20 774 10 848 18 981
264 4.5491198325603319 -1.1233164224879413 13.579218344130485 26 27 29 0.31676065711520723 23 920 20 775 10 849 18 982
265 -3.6609868677848869 3.5747803220765682 5.2712798696473691 175 150 128 0.69126986252621536 23 933 20 790 10 909
266 -2.5220971400549832 3.9133880253952813 4.5130153948497522 126 104 80 0.64233541697876428 21 744 23 981 20 800 10 914
267 -2.904241945597752 -5.5636484570258382 14.682594789504865 22 29 58 0.77815813432744263 21 763 20 812 16 1432 15 1708
268 3.77260382489479 -2.9631625711496206 13.801638194040118 112 136 123 1.3761235901996181 21 770 20 818 18 972
269 3.3884904884267404 -2.7337715913861116 13.892672963919265 32 54 41 1.7044469337314141 21 773 23 960 20 819 10 839
270 3.9950981534682946 -2.0026644722443234 14.597783526196682 29 36 27 1.8355137336054321 21 728 20 821 19 828
271 4.7029554046714184 -1.5558326157865532 14.312915224690906 195 191 179 0.34248747601712415 23 966 20 822 10 899 18 979
272 2.8586218251054696 -1.709469411102214 14.369529444890825 204 200 188 0.93377982737355747 21 808 23 989 20 823 10 927 18 1017 19 829
273 3.8013860721348669 -1.5203493614445356 14.363781354533877 181 182 166 0.46335138128129538 21 810 23 968 20 824 18 1019 19 831
274 -1.1003232979526389 -1.4822081678513774 12.439435042152331 31 39 50 1.2015576208399334 21 807 23 990 20 827
275 3.3780660145244883 -0.91082444887837943 12.890184425184206 14 14 16 1.1946149720646027 21 779 23 970 20 828 19 810
276 3.3346406618504711 -0.90088748246315253 12.799132856870164 14 14 16 0.99560880056649947 21 780 23 971 20 829
277 -0.76816000164113374 4.2314314436743885 4.1861851226111977 82 59 43 1.2859181856750657 21 794 20 838 18 1036 15 1682 12 1444
278 -2.8515312180447361 3.9202197645066179 4.4162318716091002 149 128 106 0.73296768131826706 21 791 23 1001 20 839 18 1037 12 1427
279 -1.0799682085190381 4.3349154251743718 3.9630118196931163 71 52 38 0.82441626438757309 21 799 20 840 15 1597
280 0.83761341613260665 -4.3634529185458799 15.029991960237322 159 186 205 0.38100002068950012 21 805 20 849 18 1013
281 3.7999747582973811 -2.0228518400787672 14.413912001837309 26 36 27 1.8137592719309521 21 806 20 850 23 963 10 898
282 1.9471284853914845 -2.3015983273184442 15.666591524344286 119 135 148 0.78877618440175645 23 987 20 851 18 1015
283 -1.5755416090142242 4.113353123134222 4.2207179289155681 175 154 133 0.97289043844511214 21 821 20 867 16 1499
284 -1.5758213054426169 4.1187578344366615 4.224875706586686 175 154 133 1.0570209062351392 21 822 20 868 16 1500 15 1674 12 1519
285 -1.0631183879019486 3.8239715842080568 4.9699292256242851 110 84 50 0.39543361546939132 23 82 10 57 18 84
286 -0.50218095351327352 4.0045408701049769 4.8860439460447616 75 63 51 0.18905281676321417 23 197 10 58 18 96 16 329
287 -1.1733060635246355 3.8486814691845126 4.9842654856788293 112 88 64 0.44141972886830277 23 89 10 61 18 91
288 -1.1768876460225752 3.6486179206735776 5.1468798023968283 182 153 123 0.53010852074934478 23 152 10 128 18 286
289 -1.3488732176988369 3.6282415476187921 5.1542427498218606 183 157 124 0.49283221900629154 23 59 10 130 18 158
290 -0.9357967595900053 3.7674879714403495 4.9756719232328397 183 156 126 0.5357499614768183 23 264 10 132 18 296
291 -0.44612168280889614 3.9704540953822076 4.8827468034840624 101 71 46 0.38969509512191036 23 87 10 136 18 203 16 145
292 -0.94015705102318148 3.9428315309291939 4.9126471688758357 110 90 67 0.30598405330954226 20 64 23 288 10 144 18 216 16 138
293 -2.0851546509535912 3.6980928133408248 5.118468538204028 99 67 42 0.20408470574966295 23 88 10 155 18 85
294 -2.0359380481223179 3.7186390567733003 5.1209199747220175 119 84 56 0.32921685965278924 21 32 23 192 10 156 18 199
295 -1.7828090303504029 3.8259713606777073 5.0831915651042783 78 56 44 0.57537809151202524 23 203 10 158 18 330 16 443
296 -2.5510711223306801 3.6394343726753333 5.2317194166650429 104 73 46 0.56153670001282052 23 190 10 162 18 191
297 -1.0821103281474245 3.9488766683639609 4.6712716576928317 116 94 67 0.241949439578693 23 295 10 163 18 344
298 -3.1258808211249058 3.588378940940959 5.2906978675360996 76 55 34 0.62891452398932657 23 195 10 169 18 319
299 -3.1843399847824654 3.5676528551982249 5.2893081987355703 72 51 36 0.67911896575620612 21 67 10 170 18 204
300 -1.0691182579331393 3.415873292803874 5.5405713392711382 182 156 123 0.58778124121423281 23 253 10 233 18 152 16 421 19 241 17 282
301 -2.5381863926765273 3.102706368210014 5.8298952218269351 185 157 127 0.20245565433129142 23 251 10 235 18 150
302 -0.76731367993250188 3.8147093185125591 4.9451885750565161 130 104 71 0.44573766786032687 23 270 10 238 18 305 19 358
303 -2.6321010380306364 3.6696398767488962 5.2065751690111108 70 50 39 0.47190215357038318 20 104 10 257 18 323 23 198
304 -3.3873563513722966 3.4865166835210446 5.3539927650049908 117 91 56 0.1471709723128648 23 273 10 259 18 311
305 -2.5759372009106443 3.6959927759565883 5.1406311866710093 97 71 53 0.14562577624522088 23 291 10 261 18 335 16 246
306 -3.2242855599962472 3.5791566414224487 5.3013971319661524 87 61 46 0.88449792987772524 21 68 23 282 10 264
307 -1.6944687973045833 -0.067971004043136232 6.7225404824351322 205 229 238 0.9781405572707399 23 432 10 294 18 484
308 -0.66841690356236494 0.083314219642731821 7.028375454681826 38 47 56 0.48740949569262648 23 435 10 296 18 487
309 -0.4642022716369345 3.8715456983174241 4.9033819018067222 136 107 75 0.6284632153828954 20 137 10 321 18 405 19 424
310 -1.044118913908219 3.8561167003194874 4.9637874646744695 122 94 59 0.62888220849574283 23 377 10 326 18 412 12 486
311 -1.951306806018867 3.8756889040786011 4.6874356172759892 105 81 55 0.2984707617129535 23 394 10 351 18 438 16 656
313 -3.2847715064420164 0.062819959278445692 9.7493773496814633 53 63 72 0.62033317224459605 20 294 10 395 18 492
314 -1.3979689609202737 3.7758222961177488 5.0131455647846286 126 96 70 0.25497026926332977 21 283 10 432 18 636
315 -0.62661398117347844 3.986492890609687 4.6312059727322294 89 63 43 0.59602345552595304 20 219 10 436 18 653
317 -1.9698411182107343 3.9012417737532461 4.6234851964816368 127 103 77 0.48440199917746246 23 488 10 450 16 659
318 -2.7021473689775553 3.2449681227093694 5.6067971746377188 232 152 75 0.40995283774125957 23 581 10 523 18 625 16 610
319 -2.7011449430235457 3.2504558214004531 5.6173500204558069 232 152 75 0.4073657034491413 23 582 10 524 18 626
320 -2.0268464070586583 3.6197866155301028 5.1327282179489861 135 109 76 0.62541590615268705 23 588 10 531 16 795 21 274
321 -2.0443141422907574 3.7878075152486304 4.8807240147716158 112 85 58 0.31842971967558914 23 485 10 541 18 529
322 -1.0430227920754209 -4.5550515666353064 14.851417249497501 154 97 200 0.46811015331646538 23 631 10 568 21 438
323 -0.39196328295191585 -1.9021754251380505 13.434033367940176 63 73 83 0.39538006558916627 20 478 23 521 10 585 19 643
324 -2.0138622398971417 -1.6473836746554245 12.695731986974181 54 64 73 0.43445772273671424 20 380 10 595
325 -0.59321070168120416 0.15937389948869862 6.8653234284398321 12 16 19 0.071226317621689933 23 558 10 623
326 -0.92143261135292687 -6.0621284252935803 14.517437373263865 58 131 199 0.94913852476503013 21 553 10 664 16 1195 19 613
327 -2.3657020971878868 -6.054026869324586 14.626432087215726 29 60 115 0.89880280785531441 21 428 10 666 18 763 16 1196
328 -1.3017291401330571 -5.4018910905191699 14.604455994598293 60 141 211 0.47547989876816432 23 721 10 672 16 1200 19 617 12 1185
329 -1.0298968024944788 -5.3749857052799612 14.60732948596784 61 139 205 0.55618882152454507 21 646 10 674 23 821 16 1202 19 618 12 1187
330 5.6701935548279003 -0.8136390890265417 12.868760836592731 144 160 170 1.1929047075923773 23 760 10 705 18 800
331 -2.8130532389231737 -1.4751880719604871 12.305739231170206 18 27 32 1.5257101165214213 20 603 23 751 10 707
332 -2.1080733164854615 3.8786802954841937 4.6540188557523434 166 144 120 1.2422270028785662 21 516 23 698 10 742
333 -1.626815927388102 4.0252244716823302 4.4601763516939616 135 113 90 0.82841474472818377 23 794 10 743 16 1178 15 1174 12 891
334 -1.3353168163040001 3.9110774697266879 4.7000835611498459 113 89 61 0.97415350394887423 23 883 10 802 16 1363 15 1344
335 3.3794249237064653 -2.7484062889893228 13.882916096146982 35 56 37 1.7399044303804831 21 772 23 959 10 838 19 825
336 -1.2811835901965254 -5.7626218629814865 14.555758920173895 25 48 102 0.73763374006682392 21 762 23 948 10 881 18 964 16 1478 12 1598
337 4.7093384056102332 -1.5593544177935335 14.322469215546183 188 177 159 0.29158373248537411 23 967 10 900 18 980
338 -1.8392420053741909 4.1054159101656538 4.1631587778346786 98 74 50 1.8860785716840969 23 1002 10 916 20 804
339 -1.5491776611105386 0.11978639380749614 6.8988049615646405 2 2 4 1.7759530817695919 23 994 10 932 18 1024 21 782
340 -3.5093905522987088 3.2252076827035858 5.532702536465794 209 189 165 0.87640214622833701 21 266 20 192 10 431 23 357 20 131
341 -1.8576394269804064 3.8183274774268505 5.0948095710758716 50 42 27 0.094222245796795945 10 159 18 98
342 0.30242478335146777 4.1369690834178412 4.7152139446750958 88 73 55 0.7938874626199337 21 52 18 99 16 343
343 -0.13072902834656089 -0.28267989222783124 7.5851743872508068 55 64 73 1.3854872608054432 23 97 18 111 19 187
345 -1.877291488035898 3.6976427641519538 5.1025910414904638 155 131 103 0.21518595096824958 10 145 23 81 18 187
346 -0.0044893657438228596 3.9993004455201113 4.8294627353964961 95 74 47 0.36528999477821006 23 184 18 189 16 334
347 -1.295109104492941 3.8062963622519383 5.0160660757537494 104 79 49 0.33621639681565152 10 143 21 38 18 193
349 0.98099183480240348 3.340558893648331 6.0986272778448436 111 87 56 0.50545821398156054 21 100 23 250 18 272 19 220 16 251 15 243 12 37 17 446
350 0.24939574716735441 3.5218536142262145 5.5444852054430944 189 165 137 0.5073633376497394 21 105 18 274 19 341 16 638 15 542 12 234 17 640
351 0.47605197663583348 4.0822687924905878 4.7575730619216658 118 95 64 0.64795992301799998 21 125 18 313 16 703 15 331 12 308
352 -2.0322284994048956 3.8545772613752076 4.6952239011612349 136 115 88 0.57468713791290538 21 81 18 349 16 458
353 -0.63396917259476926 4.2059645498512879 4.2386359216563454 87 69 55 0.49325041698398725 21 91 18 352 16 345 15 105 12 295 17 519
354 -1.736677371380118 -0.05937558870060948 6.6982428605520283 35 39 44 1.7109653969367926 21 143 23 321 18 363
355 -0.007644263744255253 0.13496319637563797 7.0359626836893794 7 12 16 0.83558121657192164 10 87 23 225 18 365
356 0.23114608858319879 4.0430717704349979 4.7734445341959528 115 91 63 1.0447388349411177 21 192 18 410 12 726
357 0.36524179928651918 4.136144236463263 4.7678570342492756 53 34 20 0.83727745549862664 21 199 18 414 16 1014
358 0.32236841422238399 4.1307844324424909 4.7354010398631186 204 202 188 0.3525553290248748 21 201 18 415 16 704 15 326 12 307 17 693
359 -0.17732295393199854 4.0547072202842545 4.5626291150233396 93 75 51 0.37997528309622763 21 208 23 390 18 432 16 854 15 579
360 1.0357906399802213 3.3184938032753704 6.1101070293355386 133 108 76 0.94048750034954265 23 461 18 504 19 396 12 693 17 760
361 1.1968231066592634 3.3767239986299904 6.0648481796763907 138 115 84 0.82639343916638197 21 263 18 505 16 974 19 490 15 987 12 886 17 764
362 0.027508734907862986 3.9138424567172811 4.8460706602059966 201 177 149 0.40735395967038335 23 464 18 509
363 -1.7077810242395062 3.9232275184244108 4.6496952861960485 117 97 70 0.57733905493022242 21 291 18 535 16 478
364 -2.5598448858105884 -6.0179908277122065 14.464822267498215 44 99 166 1.0023287835896917 23 494 18 556 16 871 19 430 15 1086
365 0.44398295762650014 -4.0292037747277876 14.961955348810433 20 11 24 0.5581663684548489 23 517 18 577 19 449
366 -1.2554256081512576 0.14624577700003399 6.7830215567713017 7 7 12 0.53764632137843582 21 256 18 603 19 380
367 0.87731288328386559 2.4338944826585234 6.0192395021924217 55 69 78 1.4627343366735266 21 497 18 618
368 -1.2455745998212291 2.3502209635908349 6.6625790288261042 0 0 0 0.92990911439351298 21 380 23 455
369 0.015667830429215601 4.2755407535517573 4.1969253032058109 106 86 61 1.1441163179920923 21 316 18 666 12 735 15 1014
370 -0.078284138558726346 4.2697615516450309 4.2086033427772715 111 91 67 0.41061756431013086 21 315 18 667 15 829 12 541
371 -0.097349672966349055 4.3618103672908157 4.0579229998049691 42 28 17 0.42735047854797298 21 419 18 671 15 1023 12 927
372 -0.95973390087250265 4.2308130779468964 4.1258226331701424 75 54 35 0.80658451013751797 21 414 18 672 12 723
373 3.6582896116782453 -4.3254059796989681 12.949463397939118 126 123 122 0.67354427322137012 23 503 18 681 19 534
374 -3.3118746380221782 -1.3628096068581166 12.05625286268782 78 94 107 0.48461852999340826 21 464 18 801 19 644
375 1.384221790652632 3.3936742685288648 6.0497594153557186 123 100 68 1.4515722456824807 21 498 18 831 16 1272 15 1349 17 1150
376 -1.7116782729617821 -5.5935072885849069 14.628618882106091 47 133 206 0.23979229462613164 18 1011 16 1480 12 1600
378 0.15525295429179697 4.1210787194029344 4.4956463034455183 153 135 113 1.7229126130227321 21 820 18 1030 12 1578 15 1736
379 -2.1336975267325302 -1.8540099392646343 13.122878873045394 40 54 66 0.97523213081202975 21 245 20 378 18 469 23 407 10 367 19 455
380 -3.4043446939315456 3.5498498904282418 5.3170966812359381 87 63 45 0.72795395298040455 23 477 10 443 18 523 21 107 20 150
382 -0.31488595266879471 3.1886277765427362 6.041773866539323 149 123 96 0.2890232050213416 18 56 16 239 19 71 17 280
383 -1.0585543004522009 4.1493577964952326 4.2826037135375898 92 66 43 0.3288357753232376 21 130 16 516 15 85 12 73
384 -1.0833989507552615 4.1679048575744826 4.2595874542275487 103 79 52 0.37512024699643476 21 132 16 519 12 275
385 0.53550894137218241 4.0949239324357682 4.7543726044258889 141 115 89 0.85934451581055993 18 409 21 196 16 525 12 312
386 -2.4017275945750907 -5.5449314554203823 14.493050713512201 46 128 196 0.51809179828557783 18 462 16 539 15 941
387 -1.6771205296350211 -0.016907791561824884 6.7566469445704875 24 26 32 1.2165315548622688 18 366 16 563 19 376 15 952 17 549
388 -1.5786084501505484 4.0154617901116643 4.4922729728143196 122 98 72 0.64399647490473788 18 545 21 305 16 675
389 -2.411659555490886 -5.2138500398865553 14.655204196223636 55 134 202 0.19035593129137296 10 362 16 727 19 363
390 -0.47787264195758195 3.4620091876092207 5.5557552994122092 191 164 134 0.52569992332444149 18 389 16 798 19 404 17 754
391 1.233658060578342 3.6621548880153183 5.4564627540208948 167 143 115 0.24283124360344804 21 108 16 830 19 414 17 782
392 1.234195118013556 3.6657783900679743 5.4597374017001226 167 143 115 0.30907391126849376 21 109 16 831 19 415 15 809 12 500 17 783
393 1.3294139175697532 3.7157963513774535 5.3919353268035239 148 124 96 0.4009084367665961 21 110 16 841 19 417 15 815 12 284 17 687
394 -2.3408636169521295 -5.6393101058894679 14.512897199133839 83 163 234 0.96926575701522211 18 558 16 878 19 432 15 1093 12 636
395 -5.7373046106704937 -5.5823852417685886 14.410090412556604 35 37 98 1.3336940493851404 21 332 16 881 15 1096 12 991
396 -2.3014782389953412 -5.3053966794533238 14.637128715007211 91 168 236 0.39899056372050357 18 561 16 883 19 436
397 -1.9871040651595071 -5.2719785618559056 14.638873390069607 79 166 234 1.0300575498776381 23 500 16 884 15 1100
399 -2.0175003356222505 3.6926540746630105 5.1384439991157702 155 128 98 0.89734945487245921 21 507 16 973 15 976 12 876
400 1.1486566466471455 3.710274743270479 5.345031559737671 200 179 150 0.99400133575479221 21 272 16 997 19 595 15 1002 12 717 17 961
401 1.4297548197841219 3.4518554161993591 6.0044511648000904 184 163 136 0.4572557961967309 21 264 16 1158 19 495 15 1179 17 951
402 -0.91795190056586262 3.9790411236154037 4.6529052614639728 77 54 36 0.69449859887230203 21 296 16 1182 15 1177 12 703 17 952
403 -1.0523918248591153 3.4184111434721816 5.5306880939397907 187 158 126 0.52138014536821131 21 501 16 1268 15 1163 12 873 17 1059
404 1.1283537139276021 3.7564769264570628 5.306004315120652 156 132 104 0.72175792154323626 21 504 16 1280 19 598 15 1364 12 1111 17 1159
405 -6.194900720196963 -4.9259668955771652 14.310918830574684 93 145 218 0.88983511653885294 21 650 16 1303 15 1415 12 1371
406 1.178596803957475 3.7119975853011549 5.373997045484483 200 176 148 0.93935111654006165 21 502 16 1365 15 1512 12 1325 17 1158
407 -1.9921375258951755 4.0746737822754646 4.2470616958708005 145 121 97 1.1356170310891172 21 750 16 1366 12 1315
408 -5.9039983346449949 -5.5258911290161041 14.20630467464334 73 140 208 0.35066363622362384 21 717 16 1375 15 1631 12 1468
409 -5.9039983346449949 -5.5258911290161041 14.20630467464334 73 140 208 0.35066363622362384 21 718 16 1376 15 1632 12 1469
410 -6.3992670654107204 -5.3148747341706954 14.467478968138716 35 39 112 1.10694976622921 21 719 16 1377 15 1633 12 1471
411 -5.6659045413649318 -3.7796197606199087 14.620918538237213 40 41 46 1.1834117285530568 21 725 16 1384 15 1639 12 1474 17 1208
412 0.2259741253840622 4.0991734263071224 4.7634387063858039 67 45 33 1.1150183917502314 21 789 16 1426 15 1599 12 1446 17 1202
413 -0.94944117663159611 4.1916190011139705 4.1879785847953137 128 106 82 0.80914569178185092 23 939 16 1428 15 1511
414 -0.16668160151098937 3.5172765231870224 5.608436818953729 132 120 105 2.1262417698530309 10 869 16 1461 19 835
415 -2.416435540852611 -4.9880113920247497 14.680306256646293 20 31 62 1.0847508662747276 23 502 20 364 18 682 16 1048 21 434 20 461 23 627 19 621 12 992
416 -0.16836940252899457 -0.15548329727248889 7.3921705359190231 51 60 68 0.1488968715934984 18 112 19 107
417 1.8931806821529622 3.1192307728821191 6.4885230063914063 156 136 111 0.61098388760771238 16 420 19 135 17 448
418 1.8343307568905973 3.2438005061205155 6.2929719114396514 151 131 104 0.9555770396515969 16 95 19 138 17 180
419 -0.026814051321525589 3.3697733785034747 5.7360694466543718 178 154 126 0.57429070073298982 16 424 19 149 17 629
420 0.46497314730106593 3.6074474556931815 5.4447257818407557 178 157 128 0.30012638573519307 16 296 19 166 15 254 17 316
421 0.46499480380158958 3.6076749322341612 5.4450953885852345 178 157 128 0.38795182057506167 16 297 19 167 15 255
422 1.2532252082627484 3.7512206732642475 5.3236538326076221 159 138 111 0.50433973541978905 16 501 19 180 17 523
423 -1.6166091679587402 0.31276909845673917 6.7716654426691676 54 64 75 0.45599029455309681 18 129 19 199
424 -0.60099020287034155 3.1964068073292951 5.9691015779935759 174 153 126 0.16765345411711749 16 417 19 218 17 425
425 1.0215000264370353 3.3493530511605356 6.0704806300545702 115 92 61 0.64638170687427576 23 141 19 221 21 101
426 1.5063992184833253 3.4125433600648041 6.028427711397061 96 73 42 0.40066906239518352 16 265 19 234 15 270 12 49 17 476
427 -0.35045776001573731 3.4593379903857286 5.5620306683656153 196 172 144 0.17605574009476702 16 428 19 246 17 437
428 1.1888538746325046 3.5507041334433231 5.6430044791369607 172 151 124 0.33415196801377495 16 467 19 254 15 283 12 263 17 498
429 0.38833804285856338 3.5499201176398105 5.5436857597455242 183 160 132 0.38521024302508017 16 278 19 256 17 457
430 0.29901458176524992 3.6147495037052222 5.4068708962436007 179 155 129 0.288001362199305 16 295 19 265 17 310
431 1.4501137595908933 3.7166473943907445 5.3924039954469292 158 138 111 0.52545900201345341 16 498 19 271 15 319 12 90 17 527
432 1.3482732571686524 3.7481847230664354 5.3504031861877142 157 136 109 0.17037601240809175 16 504 19 275 15 317
433 -0.016096148925642428 3.2412290623836943 5.9702097219618553 165 141 113 0.9252472961761119 16 616 18 386 19 318 15 532 12 229 17 623
434 2.0686366416316435 3.45338560729583 5.9581821125226639 134 113 84 0.27550285821350617 16 460 19 325 17 681
435 1.6694550777228625 3.4946871309787917 5.9692850427719462 178 157 130 0.66605011914180612 16 812 19 327 17 869
436 1.0949855520889415 3.5399978999066986 5.6514796720299971 171 150 123 0.31441326870977304 16 653 19 339 15 560 12 255 17 661
437 1.0949855520889415 3.5399978999066986 5.6514796720299971 171 150 123 0.31441326870977304 16 654 19 340 15 561 12 256 17 662
438 0.26387306542903538 3.5400636803509733 5.5152250184306464 203 182 153 0.19494012633448476 16 642 19 342 15 544 17 642
439 0.17641372636542807 3.5796628851062873 5.410213651145737 205 181 153 0.55813520396211802 16 452 19 344 17 456
440 1.2771149298464848 3.6922261460525094 5.436821027032547 187 166 139 0.57694341011421879 16 672 19 348 15 590 12 507 17 786
441 1.0711822031532936 3.7046572093906125 5.3853604605681937 170 149 122 0.44146052553966408 16 669 19 350 15 582 17 780
442 0.72569130607119192 3.7076738962155789 5.3188052874442393 172 148 120 0.4677249776950268 16 667 19 351 17 502
443 1.6366753921118078 3.7407822722693012 5.3955487639391775 163 142 115 0.12000644786260757 16 847 19 353 17 793
445 -0.2239403994442408 -0.11104805199568664 7.3138273067846651 34 38 50 0.89439989564266664 16 376 21 142 19 378
446 1.906507549913675 3.4184275256166088 5.9989429960558533 169 148 121 0.6583094813207786 16 986 19 399 15 995 17 870
447 1.0303409961743846 3.6507041633377519 5.4802059008913124 198 177 150 0.79613224319034948 16 825 19 412 15 803 12 495 17 872
448 1.3461521837279777 3.6971102571977048 5.4279920139314592 184 163 136 0.41087411235792376 16 673 19 416 15 813 12 511 17 789
449 0.44129935293621286 3.9030461906733236 4.9566791323229982 173 149 121 0.44443722477676939 16 687 19 425 15 583 17 683
450 0.44123654774506388 3.905020719022946 4.9584888415469228 173 149 121 0.44413237471811645 16 688 19 426 15 584 12 513 17 684
451 -2.3350215452640386 -5.6274594578186727 14.479609155387545 65 149 221 1.1065349704596643 16 877 19 431 15 1092
452 -2.644110512572186 -5.0114702158178117 14.635045541424727 23 21 47 0.91365167139402148 16 730 19 438 15 944 12 638
453 -1.3552616699043574 -1.1077613272694988 11.830332448855007 46 54 65 0.67417697967022583 21 474 23 411 19 460
454 1.0484914588101466 3.7224898656660135 5.3505751944131452 197 176 149 0.43108238101699509 16 995 19 508 15 1188 12 897 17 960
456 -1.5459643529646319 -5.5849825774892974 14.565533356080822 56 143 215 0.74800612564599467 10 561 16 880 19 526 12 990
457 -2.6122603369869406 -1.6142927862893455 12.488624405721813 48 56 69 0.039094573901129762 21 460 19 549
458 0.26293094447732795 3.5686251370929183 5.4644131928266244 186 160 133 0.34581591754941421 16 1163 19 593 17 1061
459 1.5144893600937714 3.7643238366250178 5.3628332907412757 188 167 140 0.4430427330042534 16 1185 19 596 15 1193 17 1071
460 -2.0037894452860034 -4.1550042575237001 14.864080355640118 28 28 36 0.059131315030378176 21 445 19 630
461 0.49361128438580543 -1.7456435592928903 13.328203488807102 34 39 45 0.84551766922503069 18 794 21 578 19 647 20 479
462 0.35865187069722387 -1.4969731007780609 12.76843455767073 62 72 82 0.32740929402927393 18 693 20 482 19 651
463 -1.9128720950112297 -5.7782019814984755 14.466870384793006 42 100 147 1.1482223233987656 21 557 23 717 20 457 19 525 10 558 16 1036 12 1183
464 -0.69333824091859586 0.10178705005097421 6.9980202706482002 32 40 51 0.35409525274226056 21 92 19 287
465 -1.2669456481326167 0.22355398318700415 6.6121685749230377 15 21 27 0.59824700571538036 21 97 19 383
466 -1.1339779868561277 0.064335266716861531 6.9065704187739767 6 7 9 1.577267336692044 16 1350 21 691 19 738 15 1495 17 1135
467 -0.68461223401360993 0.021970625274537525 7.1152348092083058 2 6 8 0.32795364039019642 21 602 19 739
468 -0.58304872399101737 4.2259032947901529 4.2083599904064188 105 86 71 0.8461138867643474 18 234 21 55 15 111 17 529 16 528
469 0.19842467942418329 -0.6326050477895151 11.276347327808525 59 78 92 0.54318615536018233 16 372 15 203 12 182 17 704
470 0.89918431276946376 3.4633768589360714 5.7570963702530626 185 163 139 0.11451982518991549 16 446 15 251 17 306
471 1.7661051612058798 3.3093160511650388 6.2922495000926171 87 70 47 0.57223989053483937 16 427 15 263 12 45 17 467
472 1.1096300352302788 3.5156915580421946 5.7216200403208131 181 159 135 0.36493186288476331 16 453 15 271 12 53 17 488
473 0.53011452082705357 3.6915526209965686 5.32266315029631 173 149 123 0.12129408554069855 16 481 15 273 12 264
474 0.52850255358222775 3.6925566466928936 5.324525606326886 173 149 123 0.20195505072688405 16 482 15 274 12 265 17 495
475 1.6474467138541171 3.4687184989227826 6.0094944513518724 114 94 69 0.3839521430048734 16 276 15 284 12 258 17 329
476 0.83037888772392454 3.6760942519626365 5.4072803900852122 172 151 124 0.1929489765110802 16 484 15 286 17 671
477 1.3030585777131543 3.5370395885803414 5.6896911517520721 185 164 137 0.19301267364041441 16 466 15 287 17 500
478 0.82562168963820415 3.7018042994182365 5.3575020964882007 171 147 121 0.37758155131269583 19 269 15 290 17 504 16 313
479 0.50760033761738355 3.9247153395335554 4.9759726207438222 180 156 128 0.77064530950336729 16 512 15 306 17 685
480 1.1972016046750618 3.7521106282094645 5.3373303049845804 170 149 122 0.55089552309474177 16 495 15 311 17 686
481 1.2502216771530286 3.7702160542220433 5.3351691198592812 156 134 109 0.51411759936054269 16 500 15 315 12 515 17 522
482 0.49818726641989958 4.0105607718422789 4.8034040012127397 183 159 133 0.41827336111575636 16 518 15 316 17 531
483 1.4467400239488422 3.7233173879283865 5.3996626085551043 171 149 125 0.30231109524099686 16 497 15 318 12 89 17 526
485 1.4993149194721345 3.7234288960141257 5.3883454807451416 172 151 124 0.15890148713421756 16 503 15 327 12 97
486 1.0289808971487133 3.9840972942286355 4.909313664010206 172 148 122 0.32017627084202066 16 523 15 354 17 698
487 -0.12438266623427169 3.5329437729223385 5.4604116935873463 180 158 126 0.41300629955555884 19 343 15 539 12 39 17 759
488 0.27161784943035311 3.5634448409877502 5.486687815751476 179 155 127 0.31846733613787515 16 811 15 545 17 765
489 1.1748461432669055 3.4731366906341719 5.7936681642539298 182 161 134 0.35583522074700102 16 644 15 554 12 243 17 768
490 -0.2232194962626925 3.9287979838806022 4.8832692768322321 159 135 109 0.50061615341968946 16 677 15 556 17 499
491 -0.18308647111636078 4.0106916561279951 4.86062259261056 134 110 84 0.55770376624970708 16 686 15 564 12 712 17 673
492 0.12594355649190475 3.9693529670125156 4.825342250669264 155 131 105 0.22391783366807769 16 689 15 577 12 283
493 1.2102481077491594 3.6877624203285233 5.437042152008063 203 182 155 0.33249260401767405 16 668 15 587 17 784
494 1.3162352760985137 3.6778795236087869 5.4520560153674706 169 147 123 0.44796989122066072 16 670 15 588 12 506 17 787
495 0.84655766928978993 3.8530078609618825 5.1010176171007746 172 148 122 0.37797774710267873 16 510 19 357 15 594 12 288
496 -0.13931370283493036 -0.20553635033905954 7.2522777210006355 13 18 21 1.0656646507360248 16 764 15 727 17 712
497 -0.5821539678340284 3.4795148111199836 5.4789568082946527 191 165 138 0.52252112070135004 16 799 15 767 17 856
498 -0.5821539678340284 3.4795148111199836 5.4789568082946527 191 165 138 0.52252112070135004 16 800 15 768 17 857
499 -1.0951455343645722 3.9835298705491766 4.6261704883935897 55 33 15 0.22101914666363387 16 843 15 782 17 766
500 1.1246864854422616 3.52321102346336 5.6778139832700605 205 183 159 0.23841296524029776 16 814 15 790 17 867
501 1.1754067504743313 3.523672336338127 5.7295108986346399 179 157 133 0.63776864989366333 16 813 15 792 17 866
502 -0.24717834182439813 3.9841967443030795 4.8709071107635449 146 121 93 0.40779674712367014 16 1002 15 793 17 777
503 1.5858775581787063 3.4349693756390014 6.0168148633414775 124 104 79 0.33968252200973975 16 981 15 794 17 864
504 1.1845878474811755 3.5239028776337968 5.6675417019909879 206 184 160 0.2927590079985094 16 815 15 796 17 774
505 -0.26592433797821835 4.0581568240557564 4.7017476674038239 106 83 61 0.51699951471562056 16 1010 15 801 12 720 17 959
506 1.4401137743217394 3.732278117439622 5.3614471325882258 196 175 148 0.29423737060899896 16 678 15 820 17 791
507 0.94534203856051369 4.0844649790160839 4.7090027165646182 194 172 148 0.50606434557604019 16 859 15 855 12 737
508 1.3671193282791836 4.0523450691895171 4.8505725689369985 157 135 111 1.316349099746676 16 860 21 121 15 875
509 -0.49916330277603016 4.0572779170762256 4.573925308714883 99 76 58 0.94976862198900602 16 1188 15 989 12 715 17 874
510 0.10265946655153541 3.9452581771521902 4.8581489916532572 199 174 148 0.57552724136444011 16 1005 15 993 12 716 17 877
511 0.81896864018398052 3.8024231668032531 5.2123148876362837 176 155 128 0.4957316265686218 16 845 15 999 12 509 17 881
512 0.36933710896624122 4.1338581900490015 4.7570792862914795 63 41 26 0.22874380273190284 16 1015 15 1004 12 914 17 886
513 -9.8377508829495817 -4.6947637085955956 14.13790280983878 72 88 114 0.61555496846288194 16 1054 15 1107 12 1000
514 -7.9709127186754447 -4.7836413916295681 14.44405396820485 29 37 65 0.090115929460414426 16 891 15 1108
515 -9.5659847415331711 -4.7006960050171234 14.278936071349229 35 58 100 0.76411953910411967 16 1055 15 1109 12 824
516 -9.1730316934215654 -4.6560560350194624 14.242748701235637 40 68 128 0.68542333255622401 16 1056 15 1110 12 823
517 -19.447816946661838 -4.9721503793003823 38.51076704610103 39 50 64 0.26419373021525333 16 1083 15 1120
519 -0.42033178649003811 0.14404377162290644 6.9559934198775624 7 6 12 0.9344562299182636 16 1260 15 1139 17 1189
520 -2.3630760196490859 3.7294553328574152 4.9456724070494058 114 89 65 0.44586701831226877 16 1271 15 1161 12 874
521 -1.3122507002084869 3.8932759781858794 5.0298573324296418 54 38 25 1.176301165814345 16 990 15 1168 12 885 17 859
522 -1.353350201856037 3.9119098476450995 4.8659934523722397 98 74 50 0.34003185319356083 16 1170 15 1170 12 887
523 -1.2307638832257868 3.916159541507271 4.7142367240949072 135 113 90 0.36672388888172242 16 1174 15 1175 12 890
524 -0.037454162300271376 4.1021074538928346 4.6623168645466393 124 102 78 0.50045624235621211 16 1192 15 1189 12 1115 17 962
525 -6.88791446718652 -2.2598056733654626 12.792024034130346 54 64 76 0.43335716067628099 16 1077 15 1274 12 1195
526 -7.0517058828728132 -1.9896446741855696 12.441405292522155 81 91 103 0.54059445714431775 16 1218 15 1281 12 1011 17 992
527 -6.6974359353623658 -2.0912939154559744 12.742779166825228 26 33 41 1.1992883692919942 16 1217 15 1283 12 1008 17 991
528 -2.5765399313854376 -1.6134710926928648 12.42842824419504 51 64 80 0.72386255455954007 16 1091 15 1292 12 1020 17 901
529 -0.6219809564481833 0.11916050256132342 7.0461808742794112 172 195 213 0.81305392600232163 16 1353 15 1314 17 1137
530 1.2978635349758316 3.4391567095895215 6.0239494373689597 195 175 150 0.27623086573512118 16 1156 15 1350 12 1104
531 0.64617819172550151 3.6212975226860458 5.4811649740482675 179 155 129 0.70829943715486365 16 1168 15 1351 17 954
532 0.5986888426179483 3.6749281352354561 5.3663089862979856 177 153 127 0.11084612616891572 16 1276 15 1355 17 1064
533 -0.14957715679185263 4.0845309463998323 4.6714732678119884 115 90 66 0.30892797753249995 16 1284 15 1361 12 1113 17 1067
534 -0.58778059785111625 4.4537285532860622 3.8570468059553202 100 77 59 1.4096026269630018 21 713 15 1372 12 1334
535 -9.4751028914582225 -4.849045225851671 13.921557566762297 30 41 69 0.18330048661336149 16 1304 15 1412 12 1191
536 -5.9592656807570537 -0.69617616033099794 10.295070151913839 59 69 79 0.067831856034832425 16 1336 15 1468 17 1176
537 -2.6849880768673566 -1.3208946520929932 12.187061125734633 42 55 70 0.63497983967558103 16 1326 15 1473 12 1230 17 1172
538 -2.0579047348759332 -1.4252222874037446 12.352069352680385 23 31 41 0.33231073943898476 16 1323 15 1475 17 1100
539 -1.6063569085905951 -1.4943304031412452 12.508361046664465 25 35 44 0.82996998426045343 16 1321 15 1477 17 1097
540 -1.2524212716590721 -1.0676425944029435 11.991534969789535 17 27 36 1.868132364754336 16 1106 15 1489 12 1249
541 -9.3864064404221654 -5.558930965537658 13.861643855845189 53 72 112 0.51135503017576089 16 1296 15 1545 12 1368
542 -6.8714873914960863 -5.2120324720273228 14.339853235749947 32 40 87 0.44960243656476884 16 1301 15 1548 12 1369
543 -5.168942017123495 -1.2899277377275253 11.428739505136774 22 29 35 1.161159149790344 16 1392 15 1557 17 1217
544 -1.1922942123910927 0.20250583534236816 6.9039533486739035 163 185 199 0.94535085662958063 16 1408 15 1575 17 1188
545 -0.48073801577181885 4.3199324885847012 4.0575108231613308 66 47 33 0.59323006009681389 21 756 15 1602 12 1450
546 0.44364200858285258 4.1340707921940352 4.7481267492550456 78 53 33 0.38938128224421248 16 1474 15 1603 12 1529
547 0.064516167838385208 4.3275994035017833 4.1681911522572328 101 78 60 0.13646872788441058 21 708 15 1606 12 1452
548 -0.42879407140174985 -0.74084072317407546 11.178339503923921 68 85 103 1.230146323089172 16 1402 15 1661 17 1233
549 -1.0893324285207115 3.8940671776082048 4.9457484222533861 58 40 38 0.39731903345090164 16 1464 15 1671
550 -1.1734142595988653 4.2457075881003163 4.0765942624187854 121 99 76 0.49333182495792416 21 796 15 1680 12 1524
551 -0.74607129798864125 4.2063155189459964 4.1770929106179873 56 42 31 1.0908774739444267 16 1477 15 1683 12 1445
552 -0.88963820116366665 0.099327881074043889 6.9155283427410588 3 3 4 1.1463327922749142 16 1492 15 1721
553 -1.524508091099102 3.8231231524865379 4.6662671848732478 135 113 90 1.5281499992959118 16 1496 15 1729 12 1613
554 0.18776733732584228 4.0555132172387705 4.4510388705787243 132 110 87 1.337679431420705 16 1502 15 1735 17 1269
555 1.0952547082818032 3.3526965631678713 6.0868120303416449 181 157 129 0.49772418849608741 15 63 19 142 12 40
556 1.713056857177532 3.3051480312948303 6.2638974821410791 127 108 91 0.46818378699082547 15 260 12 44 17 466
557 -1.0788128529094863 4.0137296920977841 4.6227125000948002 124 99 79 0.13270500032134094 15 247 12 58 17 475
558 2.9090501651493033 3.7529733748456482 5.6151449140029062 205 161 142 0.016497858270577294 15 418 12 118
559 -11.551606074936114 -2.7923240999113212 13.15135769453717 141 151 160 1.2595602589754742 15 726 12 179 17 699
560 1.6908146867728631 3.3953746992552509 6.0237347441538986 155 137 113 0.64989478096737285 16 444 12 248 17 493
561 -0.011288863142509209 3.9880045566568283 4.842000531789453 171 145 118 0.1645304025176699 15 294 12 279 17 507
563 1.2366183429879798 3.9130541492541293 5.0467935667285468 186 159 130 0.17755169897202536 15 612 12 311 17 796
564 -8.855875054268715 -4.5864484789415831 14.11089413335821 35 45 70 0.10538162016547337 15 725 12 406
565 -0.28532325879237114 3.9311801163017837 4.8974121212689417 168 143 113 0.83835328168109335 15 786 12 494 17 665
566 2.6249880925669227 3.5743782710311693 5.9316106107679625 150 131 108 0.3512620442630679 15 846 12 525
567 0.7073766736374526 4.141224538202013 4.7348940231287884 145 120 90 1.026629657837635 15 619 21 202 12 542
568 2.1173208429729953 3.8314597420855447 5.3330882576944605 184 162 138 0.39802577605065786 15 658 12 545
569 -0.015910186272210192 4.3363732011275715 4.1107221544672132 103 81 59 0.25884637780267711 15 626 21 318 12 557
570 -1.9870567575001226 -0.72705320395854556 11.09009461380745 76 92 108 0.62363179660279666 15 1129 12 648 17 908 16 926
573 0.030598161907266663 4.2720060468799597 4.2512522851402679 47 27 16 0.90061048278537248 15 834 21 314 12 734
574 2.7616893585116049 3.7574744857867404 5.5954355259680622 176 154 131 0.035892004895265853 15 887 12 746
575 -11.434644894693879 -2.6246073391891849 13.004569975143594 144 154 163 0.63570058081948944 15 1116 12 826 17 975
576 -3.8145536732234149 -1.9463439391308512 12.957368641929925 49 62 78 0.039062708785203945 15 1121 12 830
577 0.55109419081783251 0.48184158862165999 9.807223355485668 55 71 87 0.92730448082780637 15 1146 12 857 17 838
578 -0.17001654823564047 3.536096110897192 5.4184473102215875 210 180 152 0.42944689012450871 15 985 12 880 17 947
579 2.6532845463705121 3.6093980152230043 5.9018666397372446 161 141 117 0.066927351887986028 15 1026 12 912
580 0.3863679056817047 4.1714846801243493 4.6994151259474117 139 113 88 0.80361519155891947 15 1008 21 399 12 917
581 2.8097555911756293 3.7291622047915136 5.6463620740469906 180 160 133 0.063983353950228292 15 1214 12 923
582 2.2967467471232363 3.8774941467988042 5.3314356525846032 195 174 147 0.1972696294232959 15 1213 12 928
583 0.011653405503369407 4.3674167982932843 4.0922750073012502 18 9 0 0.59984005493045134 15 1024 21 632 12 929
584 3.0635938106778688 3.7064163139590813 5.6775327177306796 183 163 138 1.3009862650608639 15 1385 12 930
585 2.88782913892907 3.7600436196870959 5.5840989568788428 194 174 149 0.20016065273178624 15 1219 12 933
587 2.7934077624700508 3.9500053543124829 5.2896198498048781 180 160 135 0.26385431447570779 15 1056 12 945
588 1.9676312453418672 4.274943729788597 4.637487615228852 98 70 48 0.14178396199596813 15 1230 12 955
589 3.0062193223971034 4.0882475163025278 5.0931424337254994 165 143 119 0.039082572218828007 15 1235 12 959
590 -8.6095916895348044 -4.5862556263298719 14.054313834269365 94 101 129 0.006065980417041008 15 1111 12 999
591 -9.4337483620686591 -2.1187967191042678 12.267321444228434 62 69 77 0.17660596525927996 15 1270 12 1005 17 982
592 -7.0338838730614528 -1.9846034138890338 12.422234177214774 98 108 119 0.48853938154085097 15 1282 12 1012 17 993
593 -10.277374429198163 -1.7050756820266189 11.185386255202793 67 75 84 0.013708059465443389 15 1273 12 1015
594 -9.0406807382439318 -1.669204974789519 11.54978818574236 64 71 81 0.42261849864914386 15 1280 12 1019 17 1000
595 -0.6006493177444262 -1.5659506140082156 12.754638622709686 74 91 107 0.95917167807434822 15 1298 16 1095 12 1026 17 1024
596 -2.3588669287569299 -1.068890112278519 11.602570854292265 33 42 57 1.3010594346096975 15 1482 12 1035 17 1112
597 -0.20256578847061649 -0.25423472564675176 10.655266321091268 17 27 38 0.17690405192933584 15 1312 12 1059
598 -0.20256578847061649 -0.25423472564675176 10.655266321091268 17 27 38 0.17690405192933584 15 1313 12 1060
599 -0.24159985029700679 0.17114907851298561 9.9657899396912448 14 23 33 0.98379037871562647 15 1320 12 1075 17 1052
600 -2.3117530654650613 3.4552204216712914 5.3124572470144003 195 168 138 0.094057509274677376 16 1265 12 1092
601 1.8650340715945339 3.0632048632568347 6.576130501553366 175 157 135 0.39171790775308513 15 1176 12 1100 17 946 16 970
602 0.25788569986788173 4.2062871731797964 4.4124634537730802 35 19 7 0.38775368359889811 15 1375 12 1126
603 2.8790454708778195 3.7397631698420075 5.6574218713900573 184 98 82 0.1401583512503613 15 1216 12 1130
604 -11.58080658316806 -4.7016895625097614 13.669511707388533 62 75 93 0.26372674294485587 15 1269 12 1193
605 -6.0572576564279039 -2.066136222459197 13.012124903367271 23 32 41 0.2496161880741532 15 1419 12 1201 17 1075
606 -6.2658964170811462 -1.9395238631074279 12.582229993491053 66 77 90 0.26051768166637707 15 1422 12 1207 17 1077
607 -2.0365135705353716 -1.6469432237089927 12.70112896483842 85 101 117 0.29571331697490799 15 1464 12 1215 17 1092
608 -5.8867630347711151 -1.4830168284454444 11.874585577809569 64 74 86 0.26718847411691077 15 1441 12 1218 17 1085
609 -1.6191698181608976 -1.4994305363813671 12.555850223630966 24 34 45 0.99739331435410361 15 1478 12 1220 17 1098 16 1322
610 -4.1938456154324673 -1.3923252388226259 12.006725821865123 79 92 108 0.46210791557032893 15 1458 12 1225 17 1169
611 -2.0842184370246657 -1.4294428703629232 12.404459049545819 21 30 45 0.13105434467965393 15 1474 12 1226 17 1099 12 1032
612 -1.0079238192789135 -1.3630166623745441 12.128519403844376 18 27 39 1.352931181569583 15 1299 12 1228 17 1025
613 -0.7948780257911302 -1.3585767246265417 12.320523690501048 28 37 52 0.39457250888491835 15 1484 12 1229 17 1109
614 -8.0641075003272746 -1.2256942213771111 10.95112340981216 74 81 91 0.41325709161536367 15 1434 12 1231 17 1087
615 -7.2442457772138562 -1.1676263177453345 10.99209261571356 66 72 84 0.47181239693870153 15 1444 12 1236 17 1090
616 -6.4930614754287195 -1.1280548512668109 11.111031039670049 76 86 97 0.37809255591288421 15 1450 12 1240 17 1094
617 -0.63277931618286565 -1.1607298684628107 12.043538800370602 90 106 122 0.32385675371780898 15 1490 12 1243
618 -9.1204234620831652 -0.87111618243324895 10.040438120411512 66 73 81 0.16488776567537458 15 1439 12 1250
619 -6.9091411444160045 -0.73877182951282205 10.365958711129748 97 107 116 0.30547396208522942 15 1461 12 1260 17 1107
620 -6.9091411444160045 -0.73877182951282205 10.365958711129748 97 107 116 0.30547396208522942 15 1462 12 1261 17 1108
621 -9.9421650679296576 -0.49619584128563615 9.2814647100159959 95 104 109 0.25880314548719091 15 1289 12 1266
622 -12.08829865394474 -2.2938839849291313 11.851990947487202 133 142 149 0.45532003040853675 15 1551 12 1377
623 -3.5108220925619111 -1.9179550233886917 13.111656440869742 30 38 51 0.78769607670550157 15 1555 12 1380 17 1213
624 -1.5192079775493861 -1.2215193191226408 11.913134174423901 83 100 116 0.45759018161653353 15 1564 12 1390 17 1226
625 -2.9173171892632022 -1.1581938365045854 11.839948148312253 14 23 31 0.59088322972487084 15 1653 12 1391 17 1224
626 -7.5054671333685707 -0.99633137896565316 10.740873602957867 25 30 36 0.67002029316178946 15 1556 12 1393 17 1219
627 -1.5635623370681451 -0.81175674084635085 11.304145719599488 54 71 89 0.97236887912808678 15 1566 12 1401 17 1231
628 -5.4876459115564122 -3.7088545784829057 14.353852383777427 48 47 53 0.6274121323033075 15 1638 12 1473 17 1207
629 -12.1154615261347 -2.6507698999453218 12.614933232889678 193 203 212 0.74910853763568452 15 1641 12 1481
630 -6.1465610536390782 -1.7610134613439163 11.878268234852149 25 32 42 1.5462247047455591 15 1644 12 1483 17 1210
631 -0.56657409943456971 -0.34081335625121123 10.691749089476698 109 122 137 0.77273662683685795 15 1662 12 1491 17 1235
632 -0.19233437230246581 3.4865386886357017 5.5600620454851448 114 100 90 0.26994338767999393 15 1670 12 1511
634 2.6381066389489631 3.8620115745508663 5.383025333669587 194 174 149 0.91128350443572614 15 1698 12 1534
635 0.29671759679509729 -0.29139337083171207 10.544962078855793 103 121 134 1.5182612036476941 15 1722 12 1560 17 1261
637 -0.25983825071390892 4.1507697826799923 4.4184084171398217 123 97 72 0.68792198467199839 15 1734 12 1577 17 1267
638 -4.8679355739064167 -3.3688954350053719 14.311794345421623 9 8 13 0.49793682086861013 15 1749 12 1602
639 2.6061794118470156 3.7500869533453272 5.5721485807401043 81 55 38 1.0023082199508009 15 1759 12 1637
640 2.6061794118470156 3.7500869533453272 5.5721485807401043 81 55 38 1.0023082199508009 15 1760 12 1638
641 -0.45305934577691309 4.0201379991587674 4.6350536726808214 86 72 60 2.4652902439311037 21 745 20 792 12 1523 15 1679 16 1471
642 0.81952743318793775 3.5043918976894113 5.67360707574346 158 135 104 0.087837394258415302 16 123 19 154 17 313
643 -1.6668688124577158 -0.040316522751232473 6.8440621203612126 37 41 45 0.40552598687992386 15 7 17 356
644 1.7361985823241834 3.3324224418695869 6.2619233397851399 93 72 45 0.8468949531246196 15 81 16 101 17 470
645 0.52100118516178406 3.858597116725663 5.0339067633868462 151 126 95 0.77675505459844985 16 506 18 153 17 514
646 -0.30066801756013872 -0.19557763804936046 7.3068600417074316 41 44 51 2.3784847184909808 16 944 17 711
647 -0.19845000501542837 -0.12882481695656722 7.2211057821090057 21 21 26 0.55520135064292175 15 468 17 713
648 -0.11741848814252753 -0.20919123910917653 7.3367904123674412 59 59 67 0.025757703689844751 15 954 17 824
649 -4.6341295775595279 -1.9906529035788416 12.948134918604707 36 43 51 0.26591979789697956 15 1119 17 896
650 -0.3109433969175785 -0.61473297790811232 11.19710259469036 55 63 73 0.24879462447844158 15 953 17 912
651 -0.22302477842116553 -0.12071451598931461 10.441682818343416 9 15 21 0.15510953935627125 15 1315 17 920
652 -0.19255715705112542 -0.19608079302199483 7.2344093285695203 216 226 235 0.13756762072531636 15 1135 17 923
653 0.63232287802931009 0.37279417519959451 9.650696382194603 8 11 17 1.3479370008039095 15 1325 17 936
654 -1.7246201766694522 -1.6620909329568798 12.627626899335487 55 67 79 0.83882956363621641 15 1293 16 1093 17 1017
655 -2.4435758281464688 -1.5682407531390834 12.511716996084303 23 30 38 0.79698153884792244 15 1463 16 1233 17 1020
656 0.16545422765487655 4.1617190995938724 4.6958419321673874 118 94 68 1.806426080956711 15 1365 16 1286 17 1069
657 -0.40889272678278132 -1.5384557991535217 12.703355322672909 71 83 95 0.34412061942786587 12 1217 16 1238 17 1106
658 -1.6698874131064079 -0.74413978769601008 11.255170314464548 53 63 75 0.2643423089215271 12 1046 17 1125
659 0.5285359917978133 0.054464915714715387 10.161593802000016 63 75 91 2.2906178106188761 15 1499 17 1134
660 -0.65896906752222351 0.015083552544222029 6.9770631504317775 8 8 10 0.769050304637384 15 1309 17 1136
661 -1.7057752856039849 1.6429666814940063 6.1275738817335874 77 87 97 1.9369136522409061 15 1725 17 1264
662 0.064511413510195514 4.1454597475189736 4.4471249912440918 103 83 59 0.43680468067601647 16 527 15 323 12 309 17 532 21 90 18 230
663 1.4283828126220524 3.7555935046905464 5.332621871789426 176 152 125 0.41921714264005294 15 329 12 291 17 691 16 684 19 355
