# Frame list with one line of data per frame:
#   FRAME_ID, RIG_ID, RIG_FROM_WORLD[QW, QX, QY, QZ, TX, TY, TZ], NUM_DATA_IDS, DATA_IDS[] as (SENSOR_TYPE, SENSOR_ID, DATA_ID)
# Number of frames: 24
1 1 0.96384565753416829 0.26172947725203449 0.048629309811707253 -0.011593938810463784 0.35769006159356254 -0.75802215123047989 0.3475971192606368 1 CAMERA 1 1
2 1 0.96388497871317436 0.26098766731940387 0.050356918513738053 -0.016594157890064912 0.31483827438784268 -0.75084129897814855 0.3185901502357017 1 CAMERA 1 2
3 1 0.97178222849498586 0.23429299379127627 0.025655881863560943 -0.0093738555271116342 -0.52016858477603278 -3.1484873747113693 -2.7483475793824699 1 CAMERA 1 3
4 1 0.96600677182994332 0.25250467653953018 0.053730102811484118 -0.013615474880681176 -0.85845354531134477 -1.4839899745432812 0.88420585615772751 1 CAMERA 1 4
5 1 0.96370457077946681 0.26174426416846824 0.051602669716219837 -0.01003019998950805 0.11681721374070161 -1.3997634288200507 0.15382706718673697 1 CAMERA 1 5
6 1 0.90826583117706727 0.41332457688730118 0.062588079883160397 0.01728312222093235 -0.08490184998831557 7.5055985672899865 1.1287236115177151 1 CAMERA 1 6
7 1 0.96515362134091953 0.25624196359560514 0.051751349877205838 -0.011846564525830888 -1.0109649386452402 -1.8606277550770545 0.70512683187661085 1 CAMERA 1 7
8 1 0.9633013869445709 0.26372094162979826 0.048825612387221037 -0.010851840008573704 0.32924944512747784 -0.60011734945428741 0.28137744205940057 1 CAMERA 1 8
9 1 0.96459738941218087 0.25758195690413571 0.055471294142927584 -0.011240433388015074 -0.9843293052538491 -1.7539550499713967 0.39951817095878683 1 CAMERA 1 9
10 1 0.90864513607903608 0.41195114622463258 0.064646875899728215 0.021932880351805871 0.18717077434863064 7.2522409943667512 1.8876085447525233 1 CAMERA 1 10
11 1 0.96346056712938877 0.26269903390128696 0.051504815488013465 -0.008955844772705706 0.62542492464421751 -0.97627601942136422 0.78426120692459234 1 CAMERA 1 11
12 1 0.96468117772474538 0.25811665969221204 0.051967485219521527 -0.0080867677654243957 -0.92629650830287025 -2.2312236258689788 0.1502599513104165 1 CAMERA 1 12
13 1 0.96539627601965083 0.25520275304308782 0.052681901596146503 -0.010305451510387994 0.14921780830340689 -1.5745201747066513 0.15701809815115941 1 CAMERA 1 13
14 1 0.965519368586641 0.25502939294987137 0.05150676435783709 -0.0089112760623980738 0.4143123884216155 -0.93081854228690208 0.89062552453235189 1 CAMERA 1 14
15 1 0.96360519905002218 0.26183892084922394 0.053414089652289352 -0.0072342877257073283 0.94067406990261992 -0.94924876101953537 0.33224497990532464 1 CAMERA 1 15
16 1 0.90035191791539693 0.4316889792373243 0.049238584352892321 0.024220052064901777 0.3236684219453117 7.4002848380621122 1.5923431607167173 1 CAMERA 1 16
17 1 0.96477089603035937 0.25705980228591468 0.054978334870030933 -0.010712558817704226 -1.2743290663110345 -1.8593265008959436 0.22185482339715493 1 CAMERA 1 17
18 1 0.9631168784244043 0.26242222243438301 0.057536566008128245 -0.015165725786217632 -0.90549972432088555 -2.1040582766115303 0.086526261280941 1 CAMERA 1 18
19 1 0.96318947871235527 0.26350724827861494 0.052449988277285857 -0.0088857713321021711 0.12682964057885679 -1.4155913771161586 -0.11942391575149092 1 CAMERA 1 19
20 1 0.96348990278500735 0.26231323936107359 0.051226162680809886 -0.015964082943799706 -0.062316689883591452 -0.99210798823136215 -0.093863144577824256 1 CAMERA 1 20
21 1 0.90652246189859742 0.41669953197241327 0.064315367821183439 0.021025213180933009 -0.037242398196829937 7.5150642591693089 0.95699337205757629 1 CAMERA 1 21
22 1 0.9654841096645933 0.25475312536657319 0.05273879728328406 -0.012645092417354184 -0.0075873387132342702 -1.4386387514229573 0.36017852848992743 1 CAMERA 1 22
23 1 0.96646111289984848 0.25114651737701676 0.052874897698127726 -0.009087863070864028 -0.19210758731861241 -1.5813271266710374 0.64855825571707459 1 CAMERA 1 23
24 1 0.889527702320834 0.45551931150526626 0.027285635980475436 0.022318550999720698 1.5565976854107968 7.5063820276186819 0.78136677803248078 1 CAMERA 1 24
